0.912858 -0.334545 -1
0.170271 -0.925346 -1
0.523031 0.922957 1
-0.923695 0.136440 -1
0.367248 -0.499546 -1
1.465220 -0.470376 1
1.702180 -1.131362 1
1.804478 1.380590 1
-1.733182 -1.713042 1
1.784552 -0.549922 1
-0.013467 -1.561653 1
-1.727890 1.654322 1
-1.385433 -1.837966 1
-0.815708 -1.088282 1
-1.325004 -0.595049 1
0.940778 1.563930 1
1.518788 -0.064151 1
1.405694 -1.162346 1
0.688117 -0.727387 1
1.193985 1.597143 1
-1.598079 -1.972052 1
0.090674 -1.304456 1
-1.765247 1.070955 1
1.254584 -1.297717 1
-0.617259 0.029359 -1
1.315696 -0.824791 1
0.899853 1.493002 1
-0.650825 1.293937 1
-1.154144 1.995288 1
-0.640640 -0.501828 -1
-0.162833 0.032378 -1
0.114989 0.993994 1
-0.395177 -0.400339 -1
1.007689 1.726621 1
-1.892244 -0.289256 1
-0.501402 -1.831123 1
-1.253275 -1.369788 1
-0.512072 -0.554593 -1
-0.676609 -1.764584 1
-1.925952 1.373441 1
0.740923 1.559935 1
0.689352 -1.764423 1
1.332145 -1.190030 1
-0.254447 -1.650521 1
0.542966 0.292292 -1
0.660460 -0.252039 -1
-0.576910 -1.644750 1
-0.725860 1.102893 1
0.759092 0.935710 1
-1.894744 -1.419090 1
1.759684 0.463314 1
0.506172 1.192827 1
-1.459594 1.280924 1
1.754051 -0.525499 1
-0.128568 1.239748 1
1.732818 -1.757280 1
1.892987 -1.636997 1
-0.862553 1.222343 1
0.155235 0.187924 -1
-1.949698 1.580497 1
-1.371396 -1.252565 1
-0.593413 1.329842 1
1.092507 -1.749441 1
-0.719197 0.400118 -1
0.213913 -1.759711 1
-0.479511 -1.065868 1
1.000839 -1.121175 1
1.940294 -0.962998 1
-0.211533 0.397141 -1
-1.701490 0.779662 1
-1.598248 1.688512 1
-0.655098 0.622302 -1
-0.831165 0.534573 -1
1.667900 -0.392807 1
0.019049 -0.568632 -1
0.316896 -0.184050 -1
-1.793264 1.355734 1
-0.932932 -0.439946 1
1.131507 1.558704 1
0.152111 1.245794 1
1.759049 1.289007 1
0.150439 1.459581 1
-0.348204 -0.645021 -1
1.856357 -1.746944 1
0.396497 -0.932550 1
1.765064 -1.629720 1
1.044029 0.685240 1
-1.556519 1.779662 1
-0.859470 0.625235 1
-1.149613 -0.334560 1
-0.340934 -1.033575 1
0.006685 -0.596034 -1
1.364815 0.798962 1
1.118425 -0.045132 1
0.334617 1.281490 1
0.075930 -0.680147 -1
-0.803679 -1.623730 1
0.760606 1.327047 1
0.511636 -0.293290 -1
1.105647 -0.972201 1
1.471975 0.423571 1
-1.894214 0.308501 1
0.462066 1.845787 1
-1.206833 -1.746486 1
1.459056 0.877736 1
1.712798 1.608038 1
1.389021 -1.219263 1
-1.844775 1.590672 1
0.108879 1.286423 1
-0.544709 0.663782 -1
-1.719489 0.626704 1
-1.006970 0.142167 1
-1.763742 -1.407842 1
-1.074629 0.461491 1
1.741759 -0.504340 1
1.226865 -0.245068 1
-1.847726 0.396660 1
1.872582 1.511875 1
1.720187 -1.536346 1
-1.816310 1.942958 1
-0.681919 1.429018 1
0.866083 -0.233575 -1
-1.874168 1.326479 1
-1.028628 -0.829421 1
-0.773857 0.043744 -1
1.335996 1.004949 1
0.087315 -0.478693 -1
-1.538059 -0.934932 1
-1.442790 -0.949584 1
-0.381835 0.330498 -1
-1.362745 -0.227518 1
1.777813 -0.214085 1
-1.480642 1.914792 1
-1.088886 1.165444 1
-1.893015 -1.154110 1
1.563157 1.794283 1
0.883601 -1.765795 1
-1.183809 -1.904208 1
-0.637656 -1.166062 1
0.385160 -0.822859 -1
0.449942 -0.535887 -1
-1.737010 1.400257 1
-1.293707 1.767037 1
-1.306202 -1.744802 1
1.425899 -0.361695 1
0.318154 1.789795 1
-1.192677 -1.108558 1
0.701712 -1.809737 1
-1.602125 -1.971108 1
-1.983551 -1.120128 1
0.246807 0.693764 -1
-0.574118 -1.472580 1
-0.272087 0.817390 -1
-0.903708 -0.460458 1
0.023227 -0.551346 -1
-0.948161 1.850396 1
-1.976703 -1.649724 1
1.700039 -0.977356 1
-0.022029 -0.349529 -1
-1.115750 0.815713 1
1.540211 0.991914 1
-1.518662 -1.850253 1
0.127971 1.125375 1
-1.318695 -0.732128 1
1.862352 -0.342313 1
1.780503 -1.648387 1
-0.033347 -0.602497 -1
-1.330965 -1.482306 1
0.843553 -0.782691 1
1.027083 1.784869 1
-0.080515 1.080512 1
1.346033 1.285229 1
1.348320 -1.540870 1
0.281301 -1.186757 1
1.132338 0.370393 1
-0.097010 -1.957235 1
1.110656 -0.912747 1
1.583981 0.643606 1
1.825683 -1.197000 1
-1.474793 0.742890 1
0.505658 -1.570856 1
0.998351 -0.212020 1
-1.236484 -1.491840 1
-0.224973 0.079098 -1
-0.832009 -0.972903 1
-0.255914 -1.360277 1
0.719786 -0.313140 -1
-0.988019 0.234768 1
1.488567 -0.797360 1
0.144813 0.942316 -1
1.649550 -0.639301 1
-0.136341 -1.821231 1
-0.507460 -0.367259 -1
0.773956 -0.711275 1
1.027666 -0.566743 1
1.633810 -1.783122 1
-1.750797 0.994031 1
1.133828 -1.681050 1
-1.328520 -0.829828 1
1.331397 -0.333727 1
-1.482160 0.799127 1
-0.031809 -1.083623 1
1.357480 1.195930 1
0.314277 1.043173 1
-0.897479 -0.636989 1
-0.550629 -1.075872 1
0.137366 0.835126 -1
1.752828 -0.374213 1
-0.866750 1.779939 1
0.559231 0.614751 -1
-1.849031 -1.586383 1
1.028791 1.123192 1
-1.250389 0.789874 1
0.038516 -1.568882 1
0.368145 -1.174631 1
-1.043742 1.733911 1
-0.056736 -1.181176 1
1.682480 -1.837892 1
-0.549867 0.169598 -1
-1.745842 -1.982471 1
0.426055 0.303587 -1
-1.303589 -0.215443 1
0.525053 1.386047 1
-0.572728 0.373667 -1
0.764287 -1.786826 1
-1.779873 0.750368 1
-0.692488 -1.485443 1
0.451265 1.766072 1
1.931294 -1.844077 1
-0.181354 0.821813 -1
-0.986689 1.063331 1
-1.851111 0.804595 1
0.259080 -0.420938 -1
-1.817163 1.574105 1
1.751148 -0.121006 1
-0.184320 0.462360 -1
1.478638 -1.477048 1
1.708159 1.341000 1
0.726088 -0.212911 -1
-0.571027 1.686575 1
1.206578 1.081608 1
0.305033 -1.139623 1
0.721055 -1.434820 1
0.329709 -1.548081 1
1.636247 -1.101148 1
1.593466 -1.112381 1
-0.174660 -1.112194 1
-1.271327 -0.211791 1
-0.688618 -0.761172 1
-1.904843 1.272831 1
-1.971318 0.349121 1
1.214127 1.484794 1
-1.029805 0.941896 1
1.170274 0.808396 1
1.195999 1.417327 1
-1.179882 -1.464310 1
-0.033168 -1.485992 1
1.400187 -0.170279 1
0.502712 -0.841988 -1
-1.140871 0.683488 1
1.891094 -1.073348 1
0.147541 -1.163907 1
1.338562 0.439482 1
1.262215 0.449271 1
0.219313 1.980082 1
-0.285888 1.959099 1
-0.830778 0.891368 1
1.210613 1.313574 1
1.955058 -0.537786 1
0.033545 -1.415746 1
-1.236803 1.129957 1
0.164643 0.585784 -1
-1.005220 1.965942 1
-0.433817 1.100140 1
-1.173614 1.881772 1
1.143094 -1.416564 1
-0.107310 0.872233 -1
-0.108056 -0.850098 -1
0.872768 0.412268 -1
-1.487980 -0.127464 1
1.803210 0.274541 1
0.939360 1.661390 1
0.474552 -0.333504 -1
0.246520 -1.644870 1
-1.088949 1.069862 1
1.540273 -0.511562 1
0.056128 -0.045988 -1
-0.325436 -0.828542 -1
1.101218 0.448716 1
0.788855 1.396631 1
1.961101 0.554383 1
0.371642 -0.008500 -1
-1.374663 1.686560 1
-1.476839 -0.611270 1
-1.318572 -1.911684 1
-1.735921 -1.806739 1
-0.498886 1.184608 1
0.905435 1.883568 1
-0.443585 0.966621 1
-1.855936 -0.884858 1
-1.977383 0.856314 1
0.624645 -1.607552 1
1.010634 1.655927 1
-1.729544 1.138678 1
-0.642915 -1.392743 1
-0.010432 -0.315650 -1
-0.752704 1.819373 1
0.688075 -1.242051 1
1.233566 -0.906331 1
0.707620 -1.784912 1
1.722893 -1.406283 1
0.555671 -1.677886 1
0.291648 0.846051 -1
1.962710 -1.719921 1
-1.781793 0.096587 1
-1.659757 1.112669 1
1.845003 -1.714025 1
-0.378274 0.645380 -1
0.741120 -0.260531 -1
-0.375837 -0.423266 -1
1.979966 0.417554 1
1.351569 1.985269 1
-1.016031 -1.488802 1
-0.334093 -1.208020 1
-0.520092 1.551061 1
1.167205 -1.759327 1
-1.871565 -1.666922 1
1.185905 0.343332 1
-1.863776 -1.848317 1
-1.926139 -1.585868 1
-0.210197 -0.403364 -1
1.350064 0.150845 1
1.183993 -1.136469 1
1.747476 -0.457329 1
-1.194751 1.655123 1
1.450722 -0.551467 1
-0.976782 0.166821 -1
-1.761274 -1.268689 1
1.874720 -0.633988 1
-1.737978 1.405103 1
-1.081836 1.857325 1
-1.867686 0.146708 1
-1.488712 1.550469 1
0.720139 0.998844 1
-1.886815 -1.441036 1
1.407615 -1.981612 1
-0.871113 1.165018 1
-0.312040 0.055974 -1
0.613251 -1.075859 1
1.686381 0.814507 1
-0.830598 0.602989 1
1.867204 1.472636 1
1.117658 -0.608885 1
-1.654741 -0.677415 1
-1.284433 -0.824923 1
-1.238785 -1.946656 1
-1.603282 -0.881270 1
1.639601 1.431296 1
-1.806301 -1.395591 1
1.640095 0.209985 1
-1.511830 -1.756020 1
-0.585347 1.384871 1
-1.072914 1.851167 1
0.242898 -0.795604 -1
0.293236 -1.067149 1
-0.788925 1.740391 1
1.093794 1.368588 1
-1.944541 1.119162 1
-0.931354 0.030398 -1
1.728310 0.329766 1
1.353223 0.345850 1
-1.908467 -0.317888 1
1.862427 1.332351 1
-0.408350 -1.379033 1
0.060916 -1.562601 1
0.926621 0.092926 -1
0.212922 0.211278 -1
1.932970 -1.345131 1
0.137414 -1.402503 1
0.565244 -1.758980 1
-0.653498 -0.269928 -1
1.929335 -0.040579 1
1.544125 -1.978972 1
-1.573161 -0.954254 1
0.481275 -0.629679 -1
1.484499 -1.946179 1
0.355313 0.803304 -1
1.062360 1.396946 1
0.991151 -0.317702 1
-1.494995 1.243957 1
0.546960 1.959664 1
1.614270 -0.267244 1
-0.664976 1.848693 1
-0.036448 -0.259027 -1
-1.098464 -1.170232 1
1.056045 -1.190290 1
-0.380833 1.023874 1
1.840432 1.777251 1
0.449578 1.441918 1
-0.585666 -0.373175 -1
-1.166148 1.805549 1
-1.693139 -0.123022 1
0.341164 0.829113 -1
-0.944962 -0.037368 -1
0.334869 -0.537375 -1
-1.852374 0.455142 1
1.586057 0.613793 1
-1.298916 -1.144075 1
0.883759 0.234838 -1
-1.525605 1.825223 1
-0.092837 1.535010 1
0.970787 1.885321 1
0.134204 0.527225 -1
0.540417 -0.376335 -1
1.829612 -0.224804 1
-1.027857 -1.972785 1
0.515354 -0.660671 -1
0.984592 1.078185 1
1.410113 0.584427 1
0.683429 -0.207911 -1
1.875106 1.761091 1
-1.988537 1.914366 1
-1.680143 -0.031277 1
0.270820 -0.233245 -1
-0.650379 1.190625 1
0.428000 -1.518025 1
-1.502265 1.309445 1
0.326457 0.985150 1
1.472014 0.347289 1
-1.477202 -0.788052 1
-0.545183 0.340350 -1
-1.643774 0.299503 1
-1.269052 -1.174115 1
0.450808 -1.771584 1
1.706406 -1.081865 1
0.952830 1.956069 1
-1.979013 1.225555 1
-0.186134 -1.828046 1
0.211701 0.169592 -1
-0.557407 -0.941220 1
-1.899714 0.036464 1
0.688466 0.328445 -1
0.709452 -1.817665 1
-0.486100 1.503255 1
-0.262231 -0.064198 -1
0.131796 -1.223158 1
-1.792288 1.925339 1
-1.074346 1.610530 1
-0.295711 0.511245 -1
-1.428868 -0.524161 1
1.952498 1.713431 1
1.392363 1.594040 1
1.712282 -1.791780 1
1.489872 -1.647563 1
-0.421582 -1.045521 1
-0.491941 -0.662457 -1
-1.897043 1.417155 1
1.098978 -1.939697 1
-0.591221 -0.966145 1
-1.207744 0.885026 1
0.757504 -1.645986 1
-1.151827 1.448021 1
-1.554041 -1.333366 1
1.769878 -0.193727 1
1.420657 -0.864895 1
1.451115 0.190942 1
-1.496502 1.885758 1
-1.082035 -1.404829 1
1.377563 1.473273 1
1.227301 -0.046318 1
-0.894105 0.363625 -1
-0.755049 -1.986445 1
-0.477585 -0.057775 -1
-0.326093 0.925790 -1
-1.736270 0.147886 1
1.788598 1.946051 1
1.161028 0.006208 1
0.608571 -1.801104 1
1.901122 -1.558150 1
-1.477021 -0.114131 1
0.063344 -1.339512 1
0.127289 -0.177920 -1
-1.472523 0.467485 1
0.576531 -1.540067 1
-0.370770 -1.669717 1
0.766886 -1.923960 1
0.781074 -1.651097 1
-0.792960 -0.343498 -1
1.328317 -0.231900 1
1.081833 1.424861 1
1.947473 -1.037868 1
0.448700 1.373404 1
-0.537448 -0.500638 -1
-1.397042 -1.923944 1
1.902801 0.984463 1
0.825055 -1.342245 1
1.066343 -1.920195 1
-1.290552 0.341368 1
-1.037927 1.196389 1
1.617953 0.726416 1
0.935194 -0.807538 1
1.498697 0.140338 1
-0.929061 -1.301173 1
1.407299 0.129033 1
1.313353 -1.151395 1
1.518198 0.737564 1
-1.784995 -0.447357 1
-0.995878 -1.081619 1
1.415079 0.300533 1
1.811769 -1.476914 1
-1.473647 -0.860571 1
-0.796485 -1.694401 1
-1.792363 -0.442629 1
0.185766 1.481913 1
-0.253219 0.446924 -1
-1.212916 -0.532985 1
-1.181454 0.580599 1
-1.639400 0.468269 1
-1.981916 -0.649253 1
-1.251496 -1.337810 1
0.605400 1.779905 1
0.382896 0.039843 -1
1.769152 1.814854 1
0.560811 -0.120382 -1
-0.203300 1.731605 1
-0.492708 1.166869 1
-1.964840 -0.022896 1
-1.133256 -1.945312 1
-0.227231 -1.039140 1
-0.642527 -0.248476 -1
-1.439437 1.551913 1
-1.646355 1.652877 1
-1.985076 0.494625 1
1.190661 -0.123150 1
-0.825348 1.296602 1
0.845409 -0.549420 1
-0.226011 0.667023 -1
-0.815644 -0.606832 1
-0.951751 -1.504924 1
-0.899032 -0.134287 -1
-1.705195 -1.839726 1
1.168769 0.186887 1
-0.798301 1.851236 1
-1.798654 -1.261629 1
-0.655634 -1.831908 1
1.449456 -0.217432 1
-1.392555 -0.417034 1
-0.761817 1.880705 1
0.123485 0.677404 -1
0.157291 0.920693 -1
1.177991 -1.561383 1
-1.756929 -0.020134 1
1.370731 1.701712 1
1.724157 0.688549 1
1.037037 -0.306550 1
-1.526578 -0.724684 1
-1.496143 1.967130 1
-0.799994 1.017627 1
-0.493248 -0.697768 -1
0.624870 -0.487233 -1
1.386735 0.273675 1
1.114034 0.929424 1
0.795320 -0.360196 -1
-0.085084 0.454609 -1
-0.431273 1.888036 1
0.196750 1.424636 1
0.380112 -0.460433 -1
-1.761516 -0.907498 1
1.676841 1.337849 1
-0.069677 -0.031019 -1
-1.705666 -0.117021 1
-0.628779 -1.419050 1
0.162863 -1.598840 1
0.420352 -0.788159 -1
1.107138 1.933817 1
0.645928 -1.689246 1
0.622854 -0.949916 1
0.311280 -0.548653 -1
-0.850217 0.573370 1
1.109279 -1.614607 1
0.086576 -1.901262 1
-0.117583 -0.753285 -1
-1.505589 1.816824 1
1.367411 1.621194 1
-1.378593 0.913587 1
1.066558 0.622863 1
-1.807930 0.464861 1
1.054361 -1.145543 1
-0.597967 0.830952 1
-0.160476 -1.250043 1
-1.805858 1.575204 1
-0.826785 -1.767558 1
0.981386 -0.707874 1
1.704114 1.413984 1
1.010605 -1.513739 1
-1.419147 1.000181 1
-0.612066 -0.109329 -1
1.575002 -0.789821 1
-1.432921 0.409289 1
1.404753 -1.150433 1
-0.089862 0.783181 -1
1.704001 -0.815913 1
0.165638 -1.232854 1
0.112403 -0.707341 -1
1.368302 1.733454 1
-1.281417 0.670474 1
-0.895323 1.005600 1
-1.374766 1.891183 1
1.136435 -0.288360 1
0.454345 -0.789466 -1
0.524213 1.418490 1
0.925212 -0.411741 1
-1.526569 0.937479 1
1.895906 0.564366 1
-1.502131 1.460946 1
1.606852 -0.437191 1
-1.683172 1.974667 1
1.496438 -0.740767 1
0.419441 -1.838539 1
1.390201 -0.616690 1
0.860712 1.320540 1
1.839538 1.287651 1
-1.225509 -0.689182 1
-1.699424 1.666659 1
-1.663471 0.516991 1
1.844238 -1.712699 1
1.860965 0.714830 1
1.729128 -0.562445 1
0.747627 -1.386006 1
-1.446827 -1.801499 1
0.590999 1.255876 1
-0.370030 1.549739 1
0.814011 -1.951891 1
-1.101164 -1.000934 1
1.982399 -1.786287 1
-1.594459 -0.592800 1
1.272449 -0.504858 1
0.743364 0.800657 1
-0.419320 -0.234148 -1
1.565607 1.516263 1
-0.470949 -1.186267 1
-0.216055 -1.575788 1
1.489540 -1.058896 1
1.540117 0.441948 1
-1.168848 0.383242 1
1.183370 0.140085 1
0.765720 0.608046 -1
0.480705 1.034714 1
-0.381131 -0.776512 -1
-1.415756 -0.823240 1
-1.814009 0.074011 1
-1.017268 0.881123 1
-1.308084 1.645574 1
-0.959446 -0.704769 1
1.826694 -1.099872 1
0.435698 -1.535513 1
0.434235 -0.703340 -1
-0.997682 -1.837459 1
1.140005 -0.680916 1
-1.954860 -1.565336 1
-1.506106 0.340080 1
0.574388 1.544330 1
1.605967 1.594252 1
-0.458932 0.141670 -1
1.069264 1.020667 1
1.552518 -0.333112 1
-1.696138 -1.903489 1
-0.589540 -1.199316 1
1.855984 -1.093614 1
0.242940 0.232671 -1
1.398221 -1.691446 1
1.407124 -0.320678 1
0.895504 0.310565 -1
1.783737 1.364102 1
0.786745 0.697401 1
-1.731155 1.244599 1
-0.839771 -1.696586 1
-1.211259 0.284211 1
-1.370477 -1.576377 1
-0.815549 0.861958 1
-0.970089 -0.729541 1
-1.134607 0.754344 1
0.104104 1.506231 1
-0.716440 -1.987172 1
-0.861274 -0.282250 -1
-1.694040 -0.644258 1
1.540360 1.142864 1
-1.449616 1.084482 1
0.665007 0.633797 -1
-1.994919 -0.437464 1
1.560094 -1.048209 1
-0.006690 -1.509476 1
1.749507 -1.162293 1
-1.932171 0.488901 1
0.789087 0.369465 -1
1.113278 1.866200 1
0.609954 0.059362 -1
0.206336 1.764439 1
0.069592 -1.076193 1
-0.380149 0.236472 -1
0.162461 -1.663991 1
-0.905393 1.298052 1
-1.379086 -1.298254 1
1.529850 0.254102 1
-1.248118 1.253993 1
-0.256785 1.796098 1
-0.547785 0.598322 -1
1.524095 -1.205460 1
1.204970 -1.670055 1
-1.976184 -0.533538 1
0.358187 1.937474 1
-0.372874 -0.879140 -1
-1.876224 -1.089968 1
-0.270469 -1.456329 1
-0.347152 1.606773 1
1.541802 -0.276473 1
-1.093001 0.244402 1
1.898720 -1.942429 1
0.039395 -0.090211 -1
1.286085 1.336171 1
-1.185459 -1.768565 1
-1.232276 -0.718156 1
1.559282 -0.456746 1
0.930015 0.907137 1
1.009044 1.869016 1
-0.384395 1.880948 1
0.887132 0.505981 1
-0.332654 1.406361 1
1.946362 -0.844898 1
0.156212 -0.490360 -1
-0.305170 -1.078658 1
-1.716087 1.935427 1
1.382807 -1.970883 1
0.629882 0.773777 -1
-0.530782 -0.483078 -1
0.798844 0.855577 1
-0.905692 -1.489218 1
-1.420202 -1.689755 1
-0.781001 0.272897 -1
-1.552336 1.581009 1
1.932823 0.443788 1
1.243263 1.224491 1
-0.128939 -1.863950 1
-0.478359 0.474137 -1
0.769823 -0.554491 -1
-1.580893 -1.438131 1
-1.886427 -1.486497 1
-1.203484 -1.855946 1
-0.945989 -0.392537 1
1.949534 1.892875 1
-1.173433 1.560428 1
-1.785910 0.399873 1
-1.655427 -0.411011 1
-0.567665 -1.924999 1
1.338391 1.088905 1
-1.883875 0.778770 1
-1.468750 -1.839426 1
-1.254570 0.936678 1
1.802049 1.245368 1
1.987551 -1.740888 1
1.802145 -0.053568 1
1.837646 1.974231 1
-1.092985 -0.441217 1
-0.958101 0.806886 1
-0.465314 -1.140863 1
1.502489 -0.002206 1
1.836409 -1.777478 1
0.522680 -1.858047 1
-0.885511 -0.042781 -1
-1.627935 -0.820626 1
-1.190876 -1.740728 1
0.974307 0.800700 1
0.726771 -0.737524 1
0.117721 1.131751 1
1.349786 -1.277035 1
-0.134811 -1.902549 1
-0.710505 1.105748 1
0.349021 -0.348314 -1
0.558172 -0.077511 -1
-1.930051 -1.012719 1
-1.853050 -0.508763 1
-1.779450 1.362068 1
-1.744066 1.521720 1
-1.714506 -1.031621 1
1.859101 0.787293 1
-1.667375 -0.926202 1
-0.178942 -0.236830 -1
1.824782 -1.614998 1
0.034544 -0.803592 -1
-1.158766 1.856112 1
1.993812 -0.333246 1
1.879642 1.688721 1
0.692593 0.506142 -1
-1.693978 0.809457 1
-1.153226 0.218200 1
-1.816969 -0.473180 1
0.022842 -0.184916 -1
1.800638 1.629225 1
0.310245 0.715824 -1
-0.242215 -1.530809 1
0.408016 -0.520286 -1
-1.141814 1.390603 1
0.690267 -0.900736 1
-0.704568 -0.248502 -1
0.536571 -0.727870 -1
-0.577677 -1.497721 1
-1.389672 0.560032 1
-1.662057 0.782558 1
0.955198 1.720312 1
1.349652 1.118176 1
-0.530104 -0.719766 -1
-1.491808 0.427199 1
-1.706686 -1.435537 1
1.568869 -1.977152 1
-1.060775 -0.317214 1
1.068800 1.577266 1
-0.051754 -1.376250 1
1.185711 -0.757781 1
-0.765582 1.843551 1
0.034374 1.871523 1
1.228490 1.419237 1
1.001252 1.566855 1
1.447003 -0.644543 1
0.213181 1.499399 1
1.182570 -0.922842 1
1.799442 1.159552 1
0.983350 0.236677 1
-1.752068 -1.751390 1
-1.238594 0.435383 1
0.985803 1.035749 1
-1.563101 1.829080 1
1.906954 -1.722950 1
1.093302 -1.130512 1
1.977196 0.990259 1
-0.730912 0.683999 1
0.935897 0.267746 -1
1.262082 -1.407304 1
-0.338352 1.878080 1
-0.213406 1.969109 1
0.304708 -0.786322 -1
1.050702 -1.784896 1
0.475760 1.845267 1
-0.740869 -0.285823 -1
1.206377 -1.137392 1
1.052909 -0.752575 1
-1.017061 1.738025 1
0.029894 1.891450 1
-1.411923 -1.642158 1
-1.481205 1.862556 1
0.642618 0.449993 -1
-1.707075 1.205051 1
-1.193743 1.754890 1
1.402989 -1.687647 1
0.383182 1.801082 1
0.709249 -1.031541 1
1.859818 -1.131111 1
1.221768 -1.562032 1
1.004228 0.156299 1
1.193759 -0.986005 1
-0.904507 1.341874 1
-0.348504 -1.605985 1
-0.906310 1.172876 1
-1.140583 0.245308 1
-0.861557 -1.997503 1
0.738141 0.132628 -1
-0.260957 -1.151207 1
0.239048 0.346321 -1
-1.197074 -0.151655 1
0.439623 0.754431 -1
1.154781 -1.018606 1
-1.754282 1.749748 1
1.955937 0.748428 1
0.486135 1.722118 1
1.897534 -0.328274 1
1.418719 1.255723 1
-1.842606 -0.239798 1
-0.218097 1.049901 1
-0.707137 -1.964941 1
-1.380161 1.980112 1
1.495973 -1.699767 1
-0.591457 -1.321576 1
-0.400806 0.056786 -1
1.644502 1.116249 1
-0.407288 -0.564865 -1
-0.100268 -0.826576 -1
1.576484 -1.391750 1
0.750042 1.621095 1
0.639970 -0.908780 1
1.098972 -0.632455 1
1.234199 -1.800399 1
-0.728125 -1.181500 1
-1.961818 0.094742 1
1.656974 -1.050837 1
-1.609896 0.368109 1
1.457272 1.252049 1
1.831189 -0.454283 1
1.460056 1.131510 1
0.695590 0.860022 1
0.224656 1.998973 1
-0.194582 -1.918805 1
-0.680229 0.636657 -1
-1.648275 0.131654 1
-0.673694 1.828886 1
1.391824 0.781362 1
-1.673574 -0.129950 1
-1.440337 -0.813609 1
-0.850883 -0.316975 -1
1.312095 -0.415246 1
0.219169 -1.586183 1
-0.718509 -0.087173 -1
1.118706 1.104494 1
1.509682 -0.108680 1
0.283271 -0.723729 -1
0.237925 -0.451167 -1
0.842812 0.825307 1
-0.671494 1.589691 1
1.750706 1.020418 1
-1.530119 -1.457347 1
1.176873 -1.530427 1
-0.680324 -1.618437 1
-1.541692 -0.910078 1
0.198038 -1.800236 1
0.602976 -1.338826 1
0.452457 1.877181 1
1.007508 -1.289472 1
-1.349502 -0.156798 1
1.092047 0.893455 1
1.085804 -0.032505 1
1.418592 0.246053 1
0.170782 1.021788 1
0.377339 1.872356 1
-0.947464 -0.435309 1
-0.017014 0.607186 -1
1.965684 -1.792462 1
-1.461738 1.572033 1
-0.677307 1.553255 1
-1.939472 1.968467 1
1.241400 -0.464728 1
0.910405 -0.627027 1
1.204069 0.832673 1
-0.399373 0.459434 -1
1.277408 1.400123 1
0.768700 1.772317 1
1.661365 1.936500 1
0.566140 1.610441 1
0.645110 -1.874350 1
-1.946160 -1.652693 1
1.454421 -0.558646 1
-1.247409 -1.561508 1
-0.941315 -0.402286 1
-1.275293 0.951464 1
0.158848 1.492870 1
0.074538 -0.696149 -1
0.803468 1.616712 1
1.138299 0.593247 1
-0.977906 -0.330248 1
1.660489 1.318471 1
-0.689636 1.957939 1
-1.293740 -0.484005 1
-1.084378 -0.058418 1
-1.441845 0.467040 1
0.298987 -0.368259 -1
0.568737 0.497956 -1
-1.003876 0.427690 1
0.360879 1.221105 1
-0.557255 0.363391 -1
0.878330 -0.908594 1
-0.657704 -0.141772 -1
-0.087926 -0.270254 -1
-1.104660 -0.563066 1
-0.302315 1.646154 1
0.487182 -0.612204 -1
-1.634913 0.152155 1
-1.403362 -1.176865 1
-1.401879 -0.007867 1
-1.644905 -1.346284 1
0.711875 0.088978 -1
0.211467 0.858451 -1
1.223596 -0.810892 1
-0.399926 0.370121 -1
0.295783 1.376220 1
-0.913346 1.606311 1
0.426003 1.118758 1
1.652366 -1.125361 1
0.287258 0.533733 -1
1.940924 0.850672 1
-1.927685 -1.986930 1
-0.156632 0.414312 -1
0.015572 1.768661 1
0.856646 -1.651588 1
0.762389 -1.097768 1
1.970770 1.686474 1
-0.924785 -1.196856 1
0.204419 -0.786132 -1
-1.763621 0.717167 1
-0.993956 -1.139417 1
0.152737 -0.168781 -1
-0.049201 0.068085 -1
-0.782360 -0.294909 -1
-1.436357 -0.037869 1
-0.631640 -1.249791 1
1.356155 -1.580714 1
0.519871 1.763227 1
-1.015894 -1.484740 1
-0.085944 -0.662585 -1
1.972451 1.219501 1
0.906350 -1.435597 1
-1.883316 0.176941 1
0.210819 1.476250 1
0.554862 1.769136 1
-0.487397 -0.167077 -1
-0.979646 -0.947798 1
0.233146 -1.263216 1
1.018897 0.791056 1
-1.614285 -1.504274 1
-0.331413 -1.394622 1
-0.012634 0.808003 -1
1.433822 -0.395602 1
0.381064 -1.003159 1
0.558038 -0.822660 -1
-1.766439 0.131630 1
-0.059636 -1.345821 1
-1.484263 -1.923349 1
0.690951 -1.994989 1
1.068070 0.002102 1
-1.507780 1.670076 1
0.872549 1.783490 1
0.733515 -0.626612 -1
-1.865344 0.169336 1
1.719878 -0.601788 1
0.125251 0.012524 -1
-1.186540 -1.641636 1
0.280849 -0.891386 -1
0.757218 -0.486097 -1
-0.941921 1.138344 1
-0.263476 -1.416326 1
1.125561 -0.428939 1
1.693399 1.712926 1
-0.423840 -1.004395 1
-0.439926 0.927624 1
0.664336 -0.773139 1
1.818601 -0.108533 1
1.674316 0.633839 1
-0.526384 0.734790 -1
0.251608 -0.250814 -1
1.201566 -1.906054 1
1.593270 -0.356978 1
1.697159 1.361394 1
-0.347641 1.665307 1
-1.186940 0.319845 1
-1.199874 1.366599 1
-1.988962 -0.573298 1
1.934203 1.405804 1
1.681887 1.564266 1
1.104473 0.512777 1
1.177333 -0.403295 1
0.206599 -0.996075 1
0.845669 1.985157 1
-1.749549 0.549091 1
-1.753405 1.017686 1
0.425517 1.519188 1
-1.012752 -0.147186 1
-1.992655 -0.901961 1
1.064768 -0.103856 1
-0.298276 -1.880294 1
1.958255 -1.085823 1
-1.718990 0.161443 1
-1.501969 -0.401762 1
1.873659 1.021844 1
1.508893 1.327826 1
-1.038526 0.239938 1
0.063682 0.262796 -1
-1.684909 0.393864 1
0.542403 0.263822 -1
0.464825 -0.089004 -1
0.717825 -0.636737 -1
1.358411 1.246840 1
1.074740 1.192308 1
-1.781438 -0.871023 1
-1.672052 -1.151189 1
0.172069 -0.998001 1
-0.711521 -1.146172 1
-1.022466 0.214345 1
-1.910694 0.102910 1
-1.317492 -0.780627 1
1.803811 1.335370 1
-0.646471 -1.681685 1
-0.008510 -0.396380 -1
-0.519195 1.600015 1
0.644915 1.498693 1
-0.137254 -1.099153 1
1.570912 -1.062874 1
-0.961795 1.732220 1
0.721160 0.601902 -1
0.123797 -0.878428 -1
-1.815175 -1.528978 1
0.712782 0.834157 1
-0.806718 0.305476 -1
-1.578634 -1.489392 1
-0.129929 -1.340425 1
0.729178 0.887757 1
1.119929 -1.888785 1
1.310502 -0.935718 1
-0.287713 1.846270 1
0.017234 -1.901715 1
0.536887 1.182999 1
0.906813 1.136860 1
-0.348155 -1.611245 1
-0.574736 0.857487 1
-0.713807 -1.814058 1
-0.150236 -1.751221 1
0.656190 1.156839 1
0.583993 1.102149 1
-0.624448 1.949535 1
0.357533 1.780594 1
1.386756 0.931541 1
-1.288234 1.831617 1
-0.813787 -1.480861 1
-1.816759 0.673112 1
1.199913 -0.479633 1
1.184381 0.156140 1
-0.417162 1.749189 1
-0.720264 1.575798 1
1.967545 -1.101074 1
0.203654 -1.649465 1
-1.941686 -1.138200 1
1.436707 0.723309 1
0.375237 -0.269120 -1
1.445483 -0.058874 1
1.108199 0.881459 1
-1.580389 -0.730660 1
-0.423215 1.345821 1
1.903945 1.278029 1
0.041959 -0.787538 -1
-0.426121 1.256183 1
0.221067 -1.895278 1
1.901744 1.349415 1
-0.208445 -0.042895 -1
1.456313 -1.589294 1
-1.428291 0.315547 1
-1.617290 -1.392561 1
-0.609081 1.678217 1
-1.708990 0.907874 1
0.177758 -1.416925 1
1.861583 -1.168937 1
-0.875308 -0.031732 -1
-1.679457 -0.832184 1
-1.416794 0.650440 1
-1.347818 -1.592890 1
0.154312 1.079552 1
-0.124155 -0.821640 -1
-0.938743 -1.354819 1
0.698155 -0.974296 1
-1.501822 1.882442 1
-0.992937 -1.183576 1
0.356679 1.621135 1
-0.595607 -1.354686 1
0.091095 -0.114799 -1
-0.659317 1.749315 1
-1.905859 -1.457004 1
-0.393281 1.140961 1
0.018734 0.656719 -1
-1.481642 0.924675 1
0.451878 -1.296904 1
1.853823 -0.526060 1
-1.641371 0.832876 1
-0.765352 -0.347190 -1
0.116855 -1.017366 1
-0.210340 1.528915 1
1.759852 0.779067 1
0.884417 0.720297 1
0.951531 -1.876091 1
0.556528 0.586821 -1
-1.858742 -1.774931 1
0.566462 0.951632 1
-0.725637 1.938046 1
-1.595593 0.810518 1
-1.676071 0.979756 1
1.608581 0.317705 1
-0.989057 1.795729 1
-0.020369 -1.620393 1
-0.447548 1.660302 1
-0.945495 -0.040253 -1
-0.947535 -0.667398 1
0.798110 1.433358 1
-1.773074 -1.894919 1
1.154866 -1.140883 1
-0.830791 -0.061146 -1
1.357750 1.595049 1
-0.061463 0.893162 -1
-1.066086 1.478480 1
-1.117859 -0.372107 1
-0.742859 -1.620681 1
1.981709 -1.882252 1
-1.243473 0.056281 1
1.401964 0.002681 1
1.375619 1.149592 1
0.113266 1.265559 1
0.659485 0.921069 1
-0.521535 1.084051 1
-0.730250 -0.669641 -1
1.241296 0.350945 1
-1.589507 1.222262 1
-1.148948 -1.350708 1
-0.214311 0.382972 -1
-0.453795 1.788822 1
1.098591 -0.256558 1
-0.103075 -0.955167 -1
1.187165 1.736463 1
-1.900562 -1.286483 1
1.996560 1.969833 1
-0.867786 0.887664 1
1.071300 0.117928 1
-1.859745 -0.878102 1
1.481438 -1.498157 1
0.971780 -1.469631 1
-1.562828 0.986185 1
1.466467 -0.633798 1
1.286102 -0.515400 1
-1.984833 -0.363081 1
0.641053 1.334536 1
0.529460 0.475094 -1
-1.158074 -1.316510 1
-0.260213 -1.639659 1
1.732438 -1.020877 1
-0.170869 -1.640348 1
-1.559886 -1.291705 1
0.719565 -1.267008 1
1.886929 -0.815550 1
-0.258491 0.513310 -1
-1.048164 1.054894 1
1.549683 0.051050 1
1.811085 0.738909 1
-0.433380 -0.766937 -1
1.053312 -0.831135 1
-1.599789 -0.465518 1
-1.104552 -0.771676 1
-1.590090 -0.350399 1
-1.914316 -0.197202 1
0.067713 -1.074976 1
-0.965255 1.673120 1
-1.864388 1.283434 1
0.998728 1.806469 1
0.166849 1.317879 1
1.527793 -1.057047 1
0.245563 0.410864 -1
1.874761 0.162354 1
1.009901 1.117659 1
1.797132 1.508175 1
0.955256 -0.528782 1
-0.945900 1.267091 1
-1.650062 0.840825 1
0.743538 0.786369 1
1.241859 -1.053034 1
-1.396771 -1.457526 1
-0.744745 -0.819301 1
-0.051886 -1.493118 1
0.814524 -0.460140 -1
0.384341 1.858391 1
-1.782595 -1.093591 1
1.884646 -0.870124 1
0.297489 0.902853 -1
0.297772 -1.419190 1
0.308616 1.381664 1
0.403680 1.060415 1
-1.455935 1.242529 1
-1.860268 1.598364 1
-0.344653 1.544348 1
-0.908203 -1.937530 1
0.758594 0.223316 -1
1.942363 1.114441 1
-1.012338 -1.682891 1
1.065393 -1.031500 1
0.666639 -0.178300 -1
0.145266 -0.139223 -1
1.602098 1.556621 1
0.667682 -0.922274 1
0.173539 -1.500578 1
-1.642913 -1.054395 1
-1.888847 -0.972090 1
1.839171 -1.681848 1
0.928973 0.680432 1
1.562640 0.099390 1
1.581012 0.735567 1
1.177297 -0.034091 1
0.140871 -0.870286 -1
-0.630397 0.096484 -1
-0.876862 1.699272 1
-0.102154 1.011873 1
-1.965681 -0.012598 1
-0.300799 1.569403 1
0.871947 1.666564 1
-0.357856 -0.179803 -1
0.418285 -0.694764 -1
0.363529 -0.652841 -1
1.914424 -0.973717 1
-0.896092 -1.060153 1
-1.828855 -0.560146 1
1.482613 -0.866382 1
1.551377 1.942628 1
-0.512198 -0.031513 -1
-1.404504 0.763110 1
-1.322739 -1.382419 1
-1.348708 -0.226803 1
0.380882 -1.357825 1
1.405862 -0.394303 1
-1.823549 0.386875 1
0.360444 1.379109 1
-1.008830 1.635803 1
-1.126045 -1.423380 1
0.913780 0.241170 -1
-1.267674 -0.446907 1
-1.572249 -0.789693 1
-0.187570 0.997140 1
-1.225139 1.901641 1
-0.512164 -0.573997 -1
-1.264958 0.023337 1
1.547077 1.181844 1
-1.146054 0.751528 1
0.171099 -0.950213 -1
-1.338900 0.505549 1
-0.206909 -0.854999 -1
1.290433 -1.476733 1
-0.109835 1.039311 1
1.518026 0.564651 1
0.625645 0.064404 -1
0.191637 0.787879 -1
0.074243 -0.229789 -1
-0.298569 -1.295886 1
1.248475 1.815031 1
0.568120 -1.914153 1
-1.262910 0.291189 1
1.990815 1.981451 1
-0.046450 -1.328900 1
0.036942 0.021066 -1
1.056704 -0.362516 1
0.698358 1.752774 1
0.901167 -0.033708 -1
-1.110959 0.810789 1
-0.467660 -0.545273 -1
-0.615347 -0.601071 -1
1.367392 1.745862 1
1.901065 0.897944 1
-0.871303 1.315767 1
1.902285 -0.046405 1
0.408682 0.270657 -1
-1.252220 0.916880 1
-0.146682 0.668307 -1
-1.503331 -1.003228 1
0.799860 -0.799576 1
1.033658 -0.079228 1
-0.081009 1.830650 1
0.732484 0.585656 -1
0.872198 0.722374 1
-1.148868 1.769752 1
-1.438319 1.992012 1
-0.077230 -0.328820 -1
1.997629 1.063043 1
1.523190 -0.211357 1
-1.844297 0.696183 1
1.794534 -1.621965 1
1.571442 0.741994 1
-1.150700 -0.861679 1
1.927795 -1.062430 1
-0.981812 -0.963028 1
0.507426 1.877637 1
0.075068 1.143126 1
-0.020636 0.824365 -1
-1.013585 1.929295 1
-1.744976 0.764775 1
-1.326226 -1.182446 1
0.659505 0.054988 -1
0.824313 -0.113085 -1
1.432281 -0.122865 1
-0.920697 1.792719 1
-1.910123 0.374012 1
0.232521 -1.358508 1
-1.204099 1.864625 1
1.680965 0.419149 1
-0.899608 1.100520 1
-1.084159 0.337562 1
0.072599 0.774305 -1
-0.975760 1.313185 1
-1.935406 -1.123823 1
1.905943 -0.999814 1
1.595120 0.374451 1
1.836841 -1.325661 1
1.378104 0.650166 1
-0.476139 0.925675 1
-1.641593 -1.432207 1
0.930950 -0.316869 -1
0.730294 -1.147350 1
-0.259325 -0.873321 -1
-1.427185 0.741025 1
-0.771579 1.050934 1
0.721266 -0.580072 -1
0.015780 0.390814 -1
0.938629 -1.311820 1
0.592081 -1.006832 1
-1.728676 -1.789557 1
1.978790 -1.333996 1
-1.275389 1.176836 1
-0.158175 -1.750249 1
0.242966 -1.622544 1
0.624771 -0.263980 -1
1.248879 -1.952890 1
1.105455 -1.312333 1
-0.813711 1.925493 1
-1.279051 0.174022 1
1.367658 1.661771 1
0.617824 1.893623 1
0.431752 -1.510152 1
-0.090177 -1.977934 1
0.446316 -1.943145 1
-0.486874 1.892579 1
1.465377 -0.559093 1
-0.078945 -0.222551 -1
-0.155929 -0.274160 -1
-0.793492 -1.179115 1
0.218784 -0.117704 -1
0.303841 0.764817 -1
-1.423222 -0.214755 1
0.884898 -0.330133 -1
-1.199652 -1.078862 1
-0.881862 1.441577 1
0.794575 1.760091 1
-1.237583 -0.734570 1
-0.312281 1.882359 1
-1.169245 1.552851 1
-1.445253 1.288236 1
1.255043 0.578485 1
-0.686171 1.339980 1
-0.077659 -1.810459 1
-1.732033 0.365456 1
-1.671816 1.969643 1
-0.730163 -0.974253 1
-0.741687 -1.575271 1
-0.647622 -1.028724 1
0.616121 -0.708620 -1
-0.319118 0.232428 -1
1.328337 -0.814696 1
1.496858 0.834716 1
0.198771 -0.256713 -1
-0.647943 1.384720 1
0.167931 -1.003677 1
-0.997106 1.284193 1
-0.527311 1.302684 1
1.398867 -0.979631 1
1.461052 0.934566 1
-1.703550 0.655353 1
1.779939 1.143749 1
-1.938730 1.015219 1
-1.682913 1.989321 1
1.015378 1.081599 1
-0.508538 1.524913 1
-1.162298 -0.597785 1
1.345020 1.239355 1
1.432370 1.881292 1
1.090895 -1.051713 1
-0.607634 -0.309335 -1
1.870442 1.985864 1
-0.699617 0.447093 -1
0.256434 -1.926021 1
-1.114444 1.832823 1
0.348337 -1.780674 1
-0.733171 1.874201 1
0.819808 -0.335822 -1
-1.712925 1.404088 1
-1.635862 1.549940 1
-1.261049 -0.072954 1
-1.229729 -1.639023 1
-1.374108 -0.034539 1
-0.910552 0.508940 1
-1.269125 0.420771 1
-1.858796 0.317758 1
-1.716159 0.690525 1
-1.910211 -0.436868 1
0.453099 -1.840184 1
-0.916236 -1.646096 1
-0.121305 1.965615 1
-1.297116 -0.948429 1
1.244373 -1.825396 1
-1.922674 0.953017 1
0.052983 -0.585247 -1
1.670983 1.051602 1
0.992873 1.136439 1
1.118583 -1.886844 1
-0.538115 1.213529 1
1.852622 1.654169 1
-0.580126 1.821261 1
1.494280 1.747176 1
0.939439 1.543635 1
-0.310497 1.344382 1
0.056993 1.643074 1
-0.656662 0.272174 -1
-1.541767 1.524165 1
1.147023 -1.157529 1
-0.098656 1.143128 1
-1.425482 -0.321954 1
-0.054176 0.523938 -1
1.627756 1.980484 1
-0.241673 -1.428762 1
0.630188 -0.524515 -1
-0.157739 -1.932649 1
-1.536350 0.062759 1
-0.603535 0.470891 -1
-0.808647 -1.411908 1
-1.979764 -1.570295 1
-1.333695 1.830172 1
1.498364 1.603851 1
0.940369 1.206384 1
-1.720408 -1.646206 1
-1.403094 -1.899284 1
1.758463 1.339073 1
1.523738 -1.410599 1
-0.701310 1.701937 1
-0.147087 1.733868 1
0.871318 -1.571564 1
-0.286204 1.510449 1
0.143766 -0.374682 -1
1.801135 -1.443403 1
-0.007836 1.186916 1
1.270038 -1.468365 1
0.942909 -0.047192 -1
-1.367203 1.034897 1
1.166500 1.826726 1
-1.945267 1.769326 1
0.893958 -0.711820 1
-0.030229 1.696054 1
-0.650382 0.507075 -1
1.019268 0.578691 1
0.825965 0.445051 -1
-0.229754 -1.808438 1
1.286372 0.707169 1
1.264107 1.863802 1
1.264692 1.696435 1
0.004242 -0.334989 -1
-1.345117 -0.712125 1
0.336091 -1.503508 1
1.636481 0.993436 1
-0.841479 -0.729359 1
-0.583240 -1.881880 1
-0.680828 0.918836 1
0.908228 0.731038 1
0.793424 0.057902 -1
-0.884932 1.231899 1
1.468619 1.581415 1
-1.658802 1.969735 1
-1.726742 -0.381898 1
1.873011 -1.047516 1
0.500301 -1.452059 1
1.080722 -0.268014 1
-1.418447 1.360901 1
-0.744600 0.734403 1
-1.997377 -0.785074 1
0.237826 -0.511370 -1
1.688489 -1.287773 1
-0.218713 -0.564969 -1
-0.602939 -0.976969 1
0.052245 -0.463504 -1
-1.642874 -1.215151 1
1.055134 -0.209521 1
-0.446427 -1.669623 1
-1.408630 -0.954711 1
-0.459732 -0.109615 -1
-0.909954 -0.268954 -1
-0.803011 -1.918208 1
-1.953869 -1.366083 1
-1.044496 0.646472 1
-0.152425 0.339913 -1
-1.436642 -1.275214 1
-0.496740 -0.602895 -1
-0.189534 0.508659 -1
0.107383 0.047762 -1
0.205599 1.366737 1
-0.670507 -1.590893 1
-1.140176 1.845516 1
-1.403496 -1.383983 1
0.241828 0.939821 -1
-0.685442 1.969688 1
0.614704 -0.120961 -1
1.165620 -0.143452 1
1.243597 0.441601 1
0.731713 1.838719 1
-0.869741 -0.872172 1
0.082640 1.732707 1
0.207238 -0.979417 1
-0.073505 1.128735 1
-1.430356 -0.767759 1
-0.632552 -0.915211 1
1.459698 -1.413501 1
-1.012990 1.933244 1
-1.254104 -1.748963 1
0.105182 0.987768 -1
-0.469570 -0.787661 -1
1.377316 0.745710 1
0.836040 0.578406 1
0.740571 -1.525830 1
-0.760664 -0.257489 -1
-1.942222 -0.879073 1
-0.705692 -1.480377 1
0.998208 0.176403 1
-1.107210 -0.675709 1
1.821456 -1.742809 1
-1.937748 -1.649780 1
1.249577 -0.362090 1
-1.211495 0.926558 1
-0.984314 1.378460 1
-0.201380 -0.367031 -1
0.330642 0.793695 -1
0.374824 -0.270012 -1
1.868010 -1.130923 1
-0.095791 0.875017 -1
0.487270 -0.357823 -1
0.468848 1.672043 1
0.470314 0.579422 -1
-0.503802 -0.467012 -1
0.778290 -0.577980 -1
-0.781290 -1.330295 1
-0.484823 0.305986 -1
1.026619 0.765244 1
0.028101 0.430354 -1
0.460196 1.785742 1
-0.391670 1.029587 1
-1.208021 -1.166894 1
0.016899 0.451996 -1
-0.119544 0.819357 -1
-1.443041 1.415263 1
-0.128878 -0.034105 -1
-0.080072 1.449512 1
-1.831359 0.732717 1
-1.634849 -1.512108 1
-0.726414 1.753560 1
1.981463 -1.972362 1
0.473497 -1.349921 1
1.023102 0.525690 1
-0.895512 -1.176134 1
0.135886 0.726555 -1
-1.909657 0.201414 1
1.293992 1.131754 1
-1.036122 -0.916519 1
0.608422 -1.002128 1
0.515647 1.741887 1
-1.361375 -1.400172 1
1.028414 -1.107198 1
-0.672652 0.278015 -1
-1.054879 0.675195 1
0.843107 -0.856861 1
-0.690901 0.097132 -1
0.060564 -1.118675 1
-0.271560 0.262446 -1
1.195170 -0.540838 1
0.171466 -0.039536 -1
1.671343 -0.242577 1
-1.442902 1.737396 1
1.606028 1.779879 1
-0.894874 1.395664 1
1.774742 -1.593984 1
-1.739836 1.300127 1
0.203951 -0.849703 -1
-1.951524 0.109229 1
-1.439941 -1.588095 1
1.424161 -0.194161 1
0.554678 -0.792348 -1
1.319535 0.464212 1
0.796249 -0.565550 -1
-1.440857 0.445047 1
0.675748 1.412647 1
-0.133289 1.415506 1
1.703795 0.186096 1
1.540553 0.555436 1
0.827844 -0.736205 1
0.573610 -1.688456 1
-0.973830 -1.953181 1
0.814190 0.549063 -1
0.942467 -0.075462 -1
1.055170 -1.814434 1
-0.420998 0.201990 -1
-1.750899 -0.628755 1
0.801035 -1.919161 1
-0.417541 0.578345 -1
1.342343 0.198407 1
-1.023108 -0.340401 1
1.844858 1.218756 1
1.626900 -1.365697 1
-0.725094 1.008715 1
1.068979 -0.050486 1
1.021638 -0.318691 1
0.386173 0.724951 -1
-1.429089 1.977338 1
-1.812374 1.932301 1
1.451979 1.992553 1
0.369852 0.079620 -1
-1.681399 0.658635 1
-1.011555 1.241926 1
1.387918 -1.090954 1
-1.710839 0.684665 1
1.258301 0.074261 1
1.537254 -1.034640 1
-0.519022 -0.246561 -1
1.201379 0.490546 1
1.242699 0.653134 1
-1.285798 0.612590 1
0.777175 1.678733 1
0.643909 0.428622 -1
1.960250 -1.772101 1
-0.465941 -0.338878 -1
0.922021 -0.107943 -1
-1.695203 -0.868299 1
-1.701495 -0.915246 1
0.139540 0.332764 -1
-0.460623 0.141498 -1
-0.499096 -0.563463 -1
1.891679 0.192798 1
0.852300 -1.636308 1
-0.616436 -0.852907 1
-1.024980 -0.032770 1
1.022632 0.239641 1
1.539539 -0.314861 1
-0.613708 0.044705 -1
-1.706343 -0.416309 1
0.211174 -1.405144 1
-0.333242 1.538384 1
-1.102105 -0.581371 1
-0.087088 0.329304 -1
-0.002779 0.353479 -1
0.411655 0.518812 -1
-0.856790 0.418841 -1
0.158282 0.834295 -1
0.078049 0.885738 -1
-0.087235 -0.350028 -1
0.323834 -1.257642 1
-0.436657 -1.904394 1
1.682243 -0.376625 1
0.705562 1.463706 1
-0.834138 1.499451 1
1.854519 1.224745 1
-1.934446 0.185558 1
-1.111732 0.758847 1
1.314908 0.715855 1
1.115347 1.249658 1
-0.789134 -1.477607 1
1.459431 -1.321136 1
1.709293 0.806807 1
1.005854 -0.593934 1
-0.230834 0.519092 -1
0.170437 1.319143 1
1.500423 -0.969233 1
1.909878 1.467290 1
0.382190 1.804339 1
0.345962 -0.177936 -1
1.532008 -0.695220 1
1.164708 -1.368909 1
0.049231 1.240387 1
0.199649 1.225150 1
0.558065 0.751628 -1
-0.675416 -1.104830 1
-0.684747 -0.665915 -1
-1.406355 -1.799122 1
0.908588 -1.335434 1
-0.523444 -0.431066 -1
0.425699 1.572653 1
-1.972646 0.653766 1
-1.444339 -0.683257 1
1.857307 1.298482 1
0.881875 -1.031285 1
1.661381 1.629480 1
0.911580 -0.834083 1
-0.009243 0.492791 -1
0.549261 1.227031 1
-0.061106 -1.872054 1
-0.353454 1.517269 1
-0.904736 1.954174 1
1.538980 0.597197 1
1.620951 -0.485324 1
-0.169102 0.925051 -1
-0.322065 1.679896 1
0.206299 -0.018515 -1
1.161586 -1.276830 1
-1.765090 -0.106346 1
-0.136881 -1.714340 1
1.098171 1.665210 1
0.816931 0.047197 -1
0.705381 -0.981726 1
1.102466 -0.381731 1
-0.181042 1.836657 1
-1.096992 0.628400 1
1.745352 1.077246 1
0.491286 -1.541817 1
0.933296 -0.944030 1
1.345576 1.245005 1
0.378120 1.034736 1
-0.420848 -0.307253 -1
0.472900 0.758575 -1
0.708668 0.750481 1
-1.930717 -1.268939 1
0.955752 -1.951072 1
-1.781190 -1.886638 1
-1.026978 -1.594070 1
0.916350 1.372234 1
-0.255102 -1.585882 1
-1.994028 -0.717245 1
-1.122089 0.919647 1
-0.447641 -0.536447 -1
0.897416 0.040749 -1
1.068407 -0.964646 1
-1.037246 0.308323 1
-1.858085 -0.129782 1
1.809197 0.924310 1
0.121937 -1.580292 1
-1.358321 1.918873 1
-0.548988 -0.338464 -1
-0.889545 1.179368 1
0.322815 -0.276555 -1
0.563464 1.242567 1
-1.524452 -0.061175 1
-1.874831 0.155917 1
-0.076663 -1.956209 1
-1.383587 0.421001 1
1.706402 -1.081296 1
-0.351084 0.760296 -1
-0.384624 0.068002 -1
-1.387309 -1.214609 1
1.500266 1.356031 1
1.509342 -1.610130 1
-1.628621 -0.916352 1
-0.669630 -0.218016 -1
0.773967 0.295401 -1
-1.316417 -1.570630 1
-0.616310 -1.558191 1
-0.539716 -1.936097 1
-0.633359 -0.298348 -1
1.661551 -0.798063 1
-1.315145 -0.912067 1
-1.226506 0.622940 1
1.864847 1.064406 1
-0.155842 1.642176 1
0.939513 -0.083954 -1
-1.652819 1.496031 1
-1.138658 -1.667706 1
0.282280 0.696531 -1
-0.705736 0.959511 1
1.829031 -0.460062 1
0.361574 0.635701 -1
-1.519433 -1.922210 1
-0.893126 0.393158 -1
-1.417340 -0.662274 1
0.876559 -1.543787 1
1.020582 0.671875 1
1.391705 0.172220 1
-1.356494 -1.290437 1
-0.292279 -0.416289 -1
1.206629 -0.031343 1
-1.174462 -0.248465 1
0.627750 0.541467 -1
-0.839364 -1.389073 1
0.743209 1.717234 1
-0.764831 1.480662 1
1.770801 -0.937644 1
-1.044359 0.036206 1
0.795119 -0.038218 -1
-1.440321 -1.833863 1
-0.219272 -0.381369 -1
0.584183 -0.486133 -1
-1.659530 -1.332450 1
0.048055 1.398007 1
-1.003290 0.611098 1
-0.498862 0.075073 -1
0.358762 0.883967 -1
1.980730 -1.675026 1
-1.846594 1.710744 1
-0.937260 -1.863918 1
-0.791235 -1.093993 1
-1.175427 -0.000620 1
0.534799 -1.430868 1
0.862330 -0.991379 1
0.142012 1.632603 1
-1.701538 0.150809 1
-1.386562 1.434003 1
0.734631 0.093011 -1
-0.664876 1.398237 1
1.367939 -1.046382 1
1.791969 -1.536712 1
1.006736 0.588668 1
-1.891241 -1.569738 1
0.976399 -0.857829 1
-0.652977 -1.606344 1
1.205409 -0.854839 1
-1.332387 1.649578 1
0.546753 0.055331 -1
-1.427033 -0.940673 1
1.280448 -0.630160 1
-1.286076 -0.034338 1
-1.282495 1.167410 1
-1.393296 -0.972801 1
-0.261512 0.474645 -1
1.520001 1.984077 1
-0.001920 -1.945891 1
0.272053 -0.164949 -1
-1.649765 0.083567 1
-0.224178 1.509262 1
0.818285 -1.394952 1
1.927223 -1.259279 1
-0.567566 1.719422 1
-1.538726 1.136639 1
-0.959500 -1.361500 1
1.981119 1.746929 1
1.349997 -1.738438 1
1.000271 -0.477933 1
1.058205 0.768150 1
1.902813 -1.888502 1
1.534315 1.549417 1
0.563655 1.666256 1
1.618349 -0.246026 1
1.242883 -1.087221 1
0.424156 0.436590 -1
1.429407 1.701433 1
-1.372403 0.542433 1
-0.706349 -1.780732 1
0.025893 1.968716 1
-0.426929 -0.817535 -1
-0.877174 -1.039636 1
1.553879 -0.456525 1
-0.776274 -0.955550 1
1.308252 -1.101214 1
-1.267540 -0.527426 1
1.404210 -1.302774 1
-0.815716 1.072486 1
-1.875338 0.334766 1
-0.516046 -0.740303 -1
-0.459295 1.617254 1
1.426078 1.592236 1
1.690156 -0.260853 1
-0.972975 -1.717462 1
0.313171 0.579894 -1
-0.690901 1.353292 1
-0.101639 1.614929 1
0.972375 0.480486 1
0.683283 -0.300015 -1
-1.744437 -1.976414 1
1.607288 1.880348 1
0.883699 0.122870 -1
-0.226821 -0.637002 -1
-1.310594 0.367527 1
-0.336241 1.565153 1
-1.997138 -0.186136 1
0.186166 0.776879 -1
0.257211 1.659507 1
-1.739731 -1.554301 1
-0.453225 -1.106265 1
0.019860 -0.047256 -1
1.474291 1.193119 1
0.994050 -0.235696 1
0.982856 -1.321690 1
1.391749 1.532405 1
-1.051602 -1.885016 1
-0.649882 -0.564787 -1
1.856524 1.456915 1
-1.425946 0.940844 1
-1.585863 0.624010 1
1.634584 -0.015544 1
-1.539256 -1.606226 1
0.977477 -0.948362 1
0.898659 -0.143538 -1
-1.511117 0.047497 1
1.939624 0.385930 1
-1.167423 -0.117531 1
-1.001025 -0.345292 1
-0.055041 0.052740 -1
-0.829024 -1.372803 1
0.865995 -1.030555 1
0.296768 -1.217353 1
0.844101 0.799939 1
-1.596753 0.190121 1
-0.744496 -1.594436 1
1.713150 -0.609912 1
1.571721 1.535279 1
0.394821 -1.537454 1
-0.013413 1.478849 1
1.302807 0.859955 1
1.263124 -1.329236 1
-1.435189 1.531284 1
0.418655 -1.690973 1
1.162286 0.812297 1
0.994343 0.678035 1
-1.960711 0.752353 1
-1.226393 1.954239 1
-0.460829 -1.758665 1
-0.244971 0.486473 -1
1.569183 -0.052941 1
1.721143 -0.781097 1
0.409459 -1.415981 1
0.915903 1.822023 1
1.577460 1.841951 1
-0.552643 1.495341 1
-1.185243 1.000344 1
0.121124 -0.480439 -1
1.708813 0.471440 1
-1.160205 0.841605 1
1.928074 -1.766846 1
