-0.291751 -1.070981 1
1.821488 0.959329 1
0.896988 1.555969 1
0.323567 1.439231 1
0.161032 0.388243 -1
0.821765 0.619009 1
-1.979884 1.660056 1
1.130063 -0.267268 -1
1.707438 -0.840957 1
-1.966817 0.527529 1
1.298513 -0.818313 1
1.069343 0.488115 1
1.988548 -1.809863 1
-1.089388 1.978440 1
1.678169 -1.172943 1
0.567997 0.429456 -1
-1.578719 -0.609479 1
-0.927356 0.870948 1
1.055375 -1.888027 1
1.222041 -1.732633 1
-1.582988 1.708257 1
-0.120965 -1.648913 1
-1.123752 -0.670406 1
1.690832 0.104724 1
-0.718709 -1.013432 1
1.430175 0.171598 1
-0.960613 1.123471 1
1.512252 0.087530 1
-1.246930 1.727800 1
1.036775 -1.411552 1
-1.873243 -0.332937 1
0.569357 -0.878829 1
0.267484 0.392401 -1
-0.494362 -1.854101 1
-1.149806 -1.745254 1
1.168627 -0.708470 1
-1.418226 -1.606486 1
-0.043430 -1.319821 1
-1.948617 -0.515345 1
-1.253552 -1.840954 1
-0.059078 0.836964 1
1.352904 0.565365 1
-1.435772 -1.303757 1
0.928868 -1.751392 1
0.764268 -0.373362 -1
-1.862030 -0.147748 1
-0.044571 -1.189303 1
1.885562 1.478200 1
-1.550194 0.391761 1
0.972855 -1.907946 1
0.554165 1.597706 1
0.376732 -0.188216 -1
-0.005510 -1.767895 1
0.271411 -1.574922 1
-0.293983 1.993701 1
-1.695042 1.465310 1
-0.837653 0.460823 1
0.245340 -1.892222 1
0.533334 -0.709909 1
1.723103 -0.144895 1
1.911077 -1.603931 1
-1.625614 0.283953 1
0.646940 -0.696500 1
0.411092 -0.198031 -1
-0.104729 0.311375 -1
-0.574975 -1.700623 1
-0.097686 -1.770629 1
0.684088 -0.796174 1
1.838581 0.086885 1
-1.643663 0.247521 1
1.190970 -1.033781 1
0.363103 1.650881 1
1.648787 1.302937 1
-1.595483 -0.221816 1
-0.826821 1.928250 1
-1.793647 0.313070 1
0.016513 -1.062306 1
1.073503 1.242362 1
-0.868058 -0.194903 -1
-1.098559 -1.000123 1
-0.674841 1.821750 1
-0.186995 -1.429399 1
0.949539 0.050254 -1
0.039543 1.887701 1
-0.469943 0.593282 1
1.621933 0.458684 1
1.861031 -0.121399 1
0.513069 0.311123 -1
-1.471875 1.645253 1
0.473207 -0.495119 1
-0.467920 -1.084941 1
1.964775 -0.305901 1
-0.852691 -0.905615 1
0.824766 -0.221737 -1
0.140824 0.510060 1
-1.227156 0.138565 -1
0.757740 -0.458231 1
-1.798180 1.493800 1
-1.262264 -0.798605 1
-1.817367 -0.399881 1
1.540166 0.070894 1
1.359178 -1.752701 1
-1.527379 -1.074531 1
-0.358341 -1.526056 1
-1.519086 -1.604880 1
0.288370 1.561102 1
1.797561 -1.866444 1
-0.974459 1.356140 1
1.959462 0.029067 1
-0.600768 -1.545134 1
-1.165911 -0.038217 -1
0.663309 0.397767 -1
1.893379 -1.639135 1
0.490799 1.912896 1
-1.745848 0.612075 1
-0.505962 -0.155471 -1
-1.334994 1.455032 1
-1.074888 -0.948684 1
-1.791165 1.295852 1
1.607025 -0.684099 1
1.173167 1.765202 1
-0.507943 -1.023568 1
1.328219 1.828441 1
1.015338 0.043300 -1
0.487452 0.258319 -1
-0.423627 1.974865 1
-0.562888 1.083936 1
-1.644590 -0.744792 1
-0.633292 -1.768510 1
0.194682 -1.823705 1
-0.157810 1.251776 1
0.581809 -0.351707 -1
0.054083 -0.463347 -1
1.257706 0.092506 -1
-1.611267 1.568596 1
-0.145146 -0.376317 -1
0.359270 0.417556 -1
-1.251312 -1.620786 1
0.445321 -0.656075 1
-1.792232 -1.420633 1
0.302908 -1.020478 1
1.369379 -0.484113 1
-0.001096 -0.918722 1
-0.243900 -1.137603 1
-1.403772 0.534924 1
-1.886882 1.198862 1
1.026679 -1.165944 1
1.184425 1.585025 1
-0.825778 0.982838 1
-1.539173 0.145543 1
-0.499633 1.879861 1
1.315575 0.259533 1
1.367106 -1.129240 1
0.660954 1.431053 1
1.840560 1.447997 1
1.772472 -0.746791 1
-1.549202 -0.692063 1
0.593150 1.360054 1
-0.076784 -0.029869 -1
-1.733917 -1.792390 1
1.591085 1.112073 1
-0.011079 -0.293310 -1
1.085214 -0.880152 1
-1.758551 -0.665968 1
-0.950170 -0.532240 1
0.604277 1.179170 1
-1.465584 -1.845237 1
0.554183 0.906677 1
-0.460228 1.490738 1
1.062793 -0.856741 1
0.611663 0.627397 1
-0.474044 -1.072453 1
-0.799926 0.487816 1
-0.639442 -1.699505 1
1.675706 1.867024 1
-0.174933 0.439880 -1
-0.230012 -0.465139 -1
-0.183257 -1.877721 1
1.781128 1.430262 1
-1.123524 0.414173 1
1.529611 1.391362 1
-1.920498 0.018465 1
-0.632940 -1.968357 1
1.064110 1.676293 1
-0.628785 -0.357181 -1
0.475226 0.929463 1
-0.187915 -1.395579 1
-1.959350 1.260933 1
0.396325 1.638410 1
0.406273 1.111770 1
0.597670 1.028493 1
-0.629117 -0.379210 -1
-0.026803 0.807604 1
0.807096 0.261844 -1
1.551210 0.338945 1
-1.779769 -0.620342 1
-1.606552 0.816933 1
0.599131 -1.356545 1
1.056284 -1.993944 1
1.951836 0.248003 1
-1.498701 0.185936 1
-0.542091 0.203311 -1
0.704920 0.778147 1
-0.496967 1.709976 1
1.453834 1.776841 1
-0.832093 1.613053 1
-1.466100 0.416425 1
0.690602 1.704839 1
-1.189660 -1.532215 1
1.474061 -0.636794 1
1.004629 -1.853078 1
-0.322481 0.153479 -1
-1.999076 0.948915 1
-1.402145 -1.275110 1
-0.904663 -0.295013 -1
1.489700 -1.607328 1
0.405005 -0.787114 1
-0.715246 1.120490 1
-0.862828 0.147842 -1
-0.258737 1.076286 1
1.615036 0.555775 1
1.700423 1.572593 1
0.021170 -1.757238 1
0.510327 -1.296914 1
0.877056 -0.334673 -1
-1.904348 0.959167 1
0.299730 1.571819 1
-1.813862 -1.896587 1
-0.309874 -1.449748 1
-0.129063 -0.303650 -1
-1.909488 1.058267 1
-1.739704 0.097749 1
1.695825 1.017925 1
0.136571 -1.320806 1
-0.532814 0.690908 1
-0.544215 0.474611 1
-1.394505 -1.972616 1
-1.401566 0.960902 1
-0.596792 1.966942 1
-0.656136 -1.487275 1
1.136111 -0.557669 1
-0.053043 -1.235707 1
-0.140808 0.857591 1
-1.474990 -1.288532 1
1.545566 1.947395 1
0.698230 -1.932003 1
1.340639 -1.840814 1
0.625952 1.217322 1
1.935668 1.439169 1
1.919159 0.265010 1
-0.999388 1.016451 1
0.498283 0.078059 -1
0.912970 0.343618 -1
-0.007319 -1.237068 1
1.399313 0.013766 -1
-1.236327 -1.796341 1
-1.503425 -1.775617 1
-1.988838 -0.659210 1
-1.388189 0.523619 1
0.136643 1.567911 1
0.042534 0.693587 1
-0.459136 0.741068 1
-0.757614 0.782979 1
-1.985778 1.199326 1
1.260970 0.642421 1
0.553674 0.079746 -1
-0.206642 -0.673054 1
-1.023657 1.736691 1
1.213540 -1.014092 1
1.295884 0.044825 -1
1.408763 0.961272 1
-0.130993 -0.983326 1
1.882796 1.382339 1
1.364976 0.152618 -1
-1.685807 1.640545 1
-1.049604 -0.597174 1
1.270284 1.741300 1
-0.376685 1.710878 1
-0.134751 0.350801 -1
1.806145 -1.592951 1
1.860021 -0.532496 1
1.061139 -0.896618 1
0.298134 -0.935610 1
1.663700 -1.093845 1
-0.018270 -1.994717 1
-1.335950 1.572029 1
-0.696009 -0.186010 -1
-0.814256 0.313684 -1
0.233194 -0.737578 1
-1.730093 1.976068 1
-1.724089 1.935572 1
-1.332862 1.858192 1
1.789753 0.665061 1
1.244354 0.904633 1
0.841823 -0.663830 1
1.880982 0.091091 1
1.993707 -0.906583 1
1.949819 0.873516 1
-1.399654 1.112070 1
1.833915 -1.675743 1
0.121836 -1.113679 1
-1.703654 -1.184162 1
-0.752716 0.496397 1
1.580683 0.900820 1
1.339073 1.337457 1
-1.990605 -1.924418 1
0.560839 -1.191529 1
1.212730 -0.123628 -1
-1.019477 -0.486419 1
-1.743511 -0.638425 1
-0.947407 -1.744595 1
-1.589119 1.045344 1
-0.065124 -0.389352 -1
-0.324462 0.697159 1
-0.474844 0.204303 -1
1.547060 -1.794171 1
-0.317770 -0.770016 1
-0.864609 1.861779 1
-1.807275 1.725901 1
-1.123336 -0.487893 1
-1.043296 0.470681 1
-1.882966 0.250134 1
0.809244 1.322243 1
-1.969458 1.830795 1
0.443683 -1.697977 1
-0.367642 1.552098 1
-1.004213 0.249789 -1
0.609839 -1.222579 1
-0.718892 -1.114189 1
-1.585312 0.823052 1
0.142260 0.387046 -1
-1.340519 0.345184 1
1.533755 1.873977 1
0.665828 0.326974 -1
1.390970 -1.600799 1
1.050644 -1.333589 1
1.228055 -1.591625 1
0.531810 -1.415012 1
0.841709 0.686259 1
0.754654 0.559413 1
-0.716209 -0.510258 1
0.126594 -1.348508 1
1.492776 -0.441925 1
-1.781841 1.199906 1
0.001603 -0.400825 -1
-0.268947 1.020476 1
1.617130 -0.819158 1
0.520733 0.560024 1
1.932145 1.540469 1
0.340801 -1.161427 1
1.362546 -0.078574 -1
-0.124745 -1.548050 1
0.180889 -1.470521 1
-1.283584 -1.743991 1
0.537847 -1.682810 1
1.851835 0.507817 1
0.136055 -0.354664 -1
-0.081543 0.554359 1
1.174664 1.426228 1
-1.629145 1.054300 1
1.523198 1.904641 1
-1.984506 1.126149 1
0.046116 1.742333 1
0.713855 0.956609 1
0.262991 -0.985521 1
-0.086165 0.877001 1
-0.717949 0.774050 1
0.406319 1.093276 1
1.652611 0.988868 1
0.730071 -0.726465 1
1.786934 0.041724 1
-1.603644 1.092266 1
0.044116 0.291262 -1
-1.559487 1.815401 1
0.181048 -1.313711 1
0.755144 1.628940 1
-1.410332 1.008878 1
1.110244 -0.855299 1
-0.403795 0.509641 1
1.593200 -0.148688 1
-0.771825 -1.482243 1
-1.755795 0.197539 1
-1.122115 1.878037 1
-1.668668 -0.231438 1
1.801581 0.363856 1
-1.934517 -1.556119 1
-1.541326 -1.200591 1
-1.950360 -1.348144 1
-1.135091 -1.852490 1
-1.954290 -0.909101 1
0.569797 -1.079466 1
0.067964 -0.565821 1
-1.017831 -1.462629 1
-1.225011 1.994378 1
-1.636518 0.054083 1
-0.526233 -0.448615 -1
-1.968828 -1.000589 1
0.410805 -0.540990 1
-0.084581 -0.403770 -1
-0.767529 1.705203 1
0.977778 -0.018108 -1
1.357397 0.436748 1
-0.950272 -1.980766 1
0.056952 0.350915 -1
-0.212903 1.109850 1
-0.635155 0.628733 1
1.356567 0.113259 -1
1.929970 1.303093 1
0.505858 1.849735 1
-1.274899 -0.745054 1
-1.507932 1.188340 1
0.319875 -0.859297 1
-0.685857 -1.940420 1
-0.927255 -1.623401 1
0.200956 -0.685108 1
-1.277932 -0.777735 1
0.713967 -1.927911 1
-1.777246 -1.351170 1
-1.863771 -0.224042 1
-0.853926 1.067080 1
-1.690440 0.725024 1
1.602289 0.858147 1
1.386424 -0.160876 -1
-0.417206 1.677074 1
-1.323139 1.955774 1
-0.278191 1.730404 1
-0.335127 -0.153907 -1
0.915054 1.619689 1
-0.374105 -0.454193 -1
1.807230 0.412066 1
1.647940 0.241276 1
1.805657 1.383359 1
-0.615995 -0.860780 1
-0.839023 0.653274 1
1.546803 0.409033 1
-1.159877 0.625852 1
-1.476494 -0.760264 1
0.082064 -0.673425 1
1.621851 -1.247211 1
-0.389879 -1.597266 1
-1.136955 -0.853744 1
-1.685042 -0.580695 1
1.732239 0.143047 1
0.411486 1.963332 1
-0.490031 -1.887288 1
0.659726 0.838128 1
1.168761 1.620628 1
-0.666031 1.463318 1
0.770635 -1.523323 1
-1.184737 1.821101 1
1.834854 -0.236397 1
0.847330 1.503041 1
-1.332374 1.459807 1
-0.228891 -0.579398 1
0.531974 0.524586 1
1.719869 1.458197 1
0.117324 -1.916033 1
0.505898 -1.692719 1
0.723276 -0.493142 1
1.692790 -1.403225 1
-1.388663 -1.863612 1
-0.377117 1.128999 1
-0.750096 -0.691020 1
0.775596 1.269905 1
1.562751 -1.305524 1
-0.037316 0.704471 1
1.223294 1.502402 1
-0.694244 1.028622 1
0.199517 -1.081497 1
-0.444863 -0.564226 1
1.587316 -0.547344 1
0.704480 -0.930228 1
1.313588 -0.650789 1
-1.559645 -1.652157 1
-0.883091 -0.193761 -1
1.070545 -0.181344 -1
-1.135774 -1.883858 1
-1.863751 0.548407 1
-0.253792 -1.762165 1
1.747455 -1.323216 1
-0.951644 0.738719 1
0.278982 0.218269 -1
-0.561788 -1.975857 1
-1.892645 -0.847659 1
0.001677 -0.493554 -1
1.308060 -1.414028 1
-0.964070 -1.701866 1
-1.816460 -0.157028 1
-1.014114 -0.518422 1
0.642929 1.298230 1
-0.682361 0.150143 -1
0.637985 1.270064 1
-1.947984 -0.158477 1
0.872271 -1.943865 1
-0.435525 -1.980067 1
-1.865979 -1.335093 1
-0.375938 -0.536245 1
0.865231 0.872842 1
1.685346 -1.362305 1
1.936063 -0.884914 1
1.933683 0.579754 1
1.585224 -0.851183 1
1.462813 -0.712276 1
1.203844 -1.378333 1
0.219915 -0.449347 -1
-0.324511 1.582933 1
-1.491510 1.551067 1
0.618483 -0.425547 -1
1.455860 0.701831 1
-0.901606 -0.991143 1
1.360656 1.799951 1
-1.716979 0.498729 1
-0.484832 -1.172208 1
-0.927322 -1.561379 1
-1.388315 0.263398 1
0.523998 -0.902666 1
-0.734501 -1.715339 1
1.836447 -1.366203 1
-0.005304 -1.801919 1
0.954434 0.723535 1
-1.948977 1.127023 1
0.421413 1.229461 1
0.305805 -0.939786 1
1.229515 1.583598 1
0.619872 0.431944 -1
1.512914 -1.942397 1
1.609492 -0.623885 1
-1.391069 0.134659 -1
-1.229680 0.511050 1
1.163903 -0.213051 -1
-1.757180 1.244423 1
-0.440691 -1.420688 1
-0.800137 1.899318 1
0.936720 1.335040 1
-1.583163 -0.639595 1
1.170302 0.464956 1
1.130916 -0.784975 1
0.129591 -1.643125 1
-0.986591 0.086103 -1
-1.716182 1.301166 1
0.503213 1.055706 1
-1.901274 1.790557 1
-1.751830 -0.665811 1
-1.481552 -0.441046 1
-0.197544 -1.398348 1
0.689343 -0.665182 1
1.424443 0.214715 1
-0.006218 0.201176 -1
-1.804862 -1.358316 1
-0.744671 -1.531642 1
0.566525 -0.405798 -1
1.145547 1.325532 1
-0.843398 -1.259995 1
-0.008528 0.003143 -1
1.273738 -1.494742 1
0.380513 1.458514 1
0.145698 1.066583 1
-0.676507 0.257414 -1
-0.353239 -0.441723 -1
1.176025 -0.039449 -1
-0.627167 1.547616 1
-0.149573 1.620193 1
-0.528705 -0.006444 -1
0.718282 0.116908 -1
0.271116 1.638803 1
0.607107 0.314394 -1
-0.035545 1.103140 1
-0.406167 0.645579 1
-0.090063 -0.121371 -1
-1.733650 -1.120930 1
-0.355886 0.410359 -1
1.876368 -1.262964 1
1.122884 -1.209961 1
0.916072 1.447969 1
1.062602 -1.497403 1
1.026323 0.582321 1
1.373081 -0.250727 1
1.080627 0.450420 1
1.914644 0.949930 1
-1.554562 -0.786882 1
-0.415692 -1.828129 1
-0.031757 1.342030 1
-0.967622 -0.522767 1
-1.852135 0.645357 1
1.897525 1.582880 1
0.905704 -0.903604 1
-1.408141 1.991594 1
-1.408422 1.337414 1
0.819296 1.165375 1
-0.476026 0.626451 1
-1.694354 0.174692 1
-0.356639 -0.453275 -1
-1.428038 1.288928 1
1.195680 0.381338 1
1.720993 1.126565 1
-1.981122 1.950698 1
0.600162 1.153015 1
0.714130 1.411684 1
-0.985509 -0.057549 -1
1.372724 1.495024 1
-0.824165 -0.664612 1
-1.892558 -1.178733 1
-1.626771 -0.022572 1
1.191540 -1.875164 1
0.845611 1.310298 1
1.133627 -0.942970 1
0.495691 0.709997 1
1.301662 1.175457 1
-1.859910 0.727375 1
-0.378100 0.603037 1
-1.001325 -1.050633 1
-0.076413 -0.090386 -1
1.523357 1.745677 1
-0.877261 -1.035586 1
0.396570 -1.163544 1
-1.895095 -0.910112 1
-1.379205 1.103270 1
1.335643 -0.674354 1
-1.220427 0.412299 1
1.319152 -1.263941 1
-0.647701 -1.650165 1
0.684466 -0.764338 1
-1.790535 -1.076486 1
0.937236 1.636748 1
-0.002073 1.747537 1
1.773200 -1.872485 1
-0.840910 0.374588 -1
-0.493758 -1.824730 1
-1.544979 -0.300389 1
1.859403 0.086325 1
-0.269954 1.361358 1
-1.661747 0.500119 1
0.866706 -0.979181 1
0.027150 1.618765 1
-0.687649 1.069202 1
1.014097 0.250662 -1
1.344023 1.588614 1
-0.985135 -0.527682 1
0.137700 -0.649076 1
-0.259339 0.475421 -1
-1.369183 -1.652418 1
0.401925 -0.498010 1
1.749803 -1.250476 1
-1.568966 1.242107 1
1.599926 0.892993 1
0.201860 0.698696 1
-0.290573 1.655926 1
-1.390477 1.283844 1
-1.009816 0.194899 -1
-0.210525 -1.937834 1
0.131134 -1.621255 1
-0.581395 0.059033 -1
1.092459 1.809931 1
1.526725 1.372245 1
0.936368 1.740049 1
-0.374271 1.893652 1
0.416715 -0.509894 1
0.564420 -0.716397 1
-1.490133 1.132992 1
-0.015232 -1.151113 1
-0.758123 1.836609 1
0.314298 1.720931 1
1.774436 -0.537082 1
-0.292242 -0.620350 1
-1.867486 0.770727 1
1.717736 0.866415 1
1.699929 1.201374 1
-0.566772 0.374682 -1
-0.960044 -1.611300 1
1.147439 0.238037 -1
0.046329 -1.827640 1
0.250109 1.030527 1
0.739175 0.638590 1
-1.630414 0.397837 1
1.490316 -1.092021 1
1.771752 0.854857 1
-1.613623 0.898010 1
1.383530 -0.623128 1
1.637582 -1.868997 1
-1.954635 1.374463 1
0.094731 1.081200 1
0.601381 0.038587 -1
-0.459419 0.827853 1
0.597208 1.164696 1
1.051414 -0.677324 1
0.302744 1.654701 1
0.527677 0.306820 -1
-0.887184 -0.848363 1
1.359346 -0.932541 1
-0.292660 1.560713 1
0.526490 -0.535595 1
1.333868 -1.399938 1
-0.919258 1.785310 1
-0.396797 0.603341 1
0.217018 1.928858 1
-0.224539 -1.224665 1
-1.638464 1.314970 1
0.977525 -0.024792 -1
-1.869538 0.363114 1
-0.281030 -1.820438 1
-1.850951 0.257833 1
1.903191 0.534177 1
0.089360 -0.007601 -1
1.638520 -1.761505 1
-0.467008 0.060653 -1
1.537809 -1.787220 1
-0.979930 1.374528 1
1.636199 0.378691 1
1.578242 0.764075 1
-0.405931 0.588907 1
0.500080 0.493759 1
0.270389 1.815433 1
1.578048 -1.292224 1
-1.143337 -0.100379 -1
-1.984563 1.369614 1
1.522326 -0.012146 1
-1.059513 1.049619 1
-1.020542 -1.280491 1
0.563668 0.766488 1
-0.781902 1.657699 1
1.302483 -1.349370 1
1.534755 -0.287616 1
1.781492 -1.832593 1
-0.436819 -1.097015 1
1.205280 0.664601 1
-1.371547 1.485380 1
0.500662 -0.621087 1
0.795941 -1.890994 1
-1.656524 1.621131 1
0.124718 -0.115751 -1
1.554266 1.641856 1
-0.945336 -0.688081 1
-1.060858 0.764414 1
1.358629 -1.930208 1
-0.017840 0.049387 -1
-1.390535 -0.672745 1
-1.076927 -0.655550 1
0.631816 1.813382 1
0.251794 1.002022 1
-0.832685 -0.664303 1
0.489220 0.531331 1
0.863622 -0.337817 -1
-0.877076 0.305999 -1
-0.350907 1.838002 1
-0.551177 0.463393 -1
1.125568 -1.397688 1
-1.458051 1.353083 1
1.608278 0.904662 1
-0.841456 -1.564615 1
-0.001768 -1.354594 1
1.134362 -0.811959 1
0.708248 -0.305670 -1
-1.400753 0.113658 -1
0.786478 -0.899611 1
-1.483948 1.311824 1
1.783785 1.171139 1
1.545647 -0.905008 1
0.060018 0.462778 -1
0.717635 -1.593797 1
1.907173 0.679853 1
-1.498159 -0.610414 1
1.008972 0.677982 1
1.308208 -0.818791 1
1.125721 0.721712 1
-1.236469 -0.424908 1
-0.285435 -0.432727 -1
-1.942173 -1.172147 1
-0.698858 0.898081 1
-1.461192 1.277221 1
-0.197930 1.705887 1
0.289100 0.056480 -1
1.168093 -1.227427 1
-0.321054 0.411604 -1
0.130146 -1.207279 1
1.702818 -0.358430 1
1.596327 1.412299 1
0.179334 -0.283673 -1
1.604496 1.702634 1
-1.792693 -0.507689 1
1.234410 0.792985 1
-0.660382 0.354502 -1
-1.085268 -1.596535 1
1.289607 -0.350420 1
-0.607062 1.698833 1
-1.338118 -1.777798 1
-1.887466 -0.463810 1
1.821479 -1.037440 1
0.721163 -1.088766 1
1.442248 -0.571518 1
1.756374 1.696410 1
0.720776 0.009993 -1
1.669695 1.212951 1
-0.973233 -0.598912 1
1.542473 -0.165270 1
1.680171 1.804387 1
-0.799746 -1.468066 1
-1.706436 -1.718771 1
1.069595 0.824326 1
-1.660191 1.726811 1
0.915056 -1.564396 1
-0.208441 0.606787 1
0.604995 -1.415751 1
-1.321993 0.775852 1
0.125797 0.502454 1
0.535203 -1.825106 1
-1.943616 1.191695 1
-0.118515 1.944843 1
1.545304 -0.253021 1
-1.543886 -0.621005 1
-0.229835 -1.804776 1
0.638192 -1.099188 1
-0.820908 0.324052 -1
1.801474 0.405501 1
0.777145 -0.989926 1
-1.172774 0.617367 1
0.219049 -1.759618 1
1.517114 1.762024 1
0.231431 -1.629878 1
1.009336 -0.664088 1
1.579603 0.604199 1
1.367377 0.015643 -1
-1.476573 0.123701 1
-1.243384 -0.483505 1
-1.385441 1.075630 1
-1.884392 -0.869955 1
-1.963660 0.597091 1
0.385807 1.688735 1
0.436197 -0.677312 1
1.675694 1.253757 1
0.934298 1.150542 1
-0.795412 -1.502710 1
-0.017702 -1.370450 1
-0.967348 -0.340007 -1
0.931417 0.749331 1
-1.532957 0.630816 1
0.984166 0.719910 1
1.239156 -1.962453 1
0.980935 -1.485562 1
-0.651427 1.055626 1
0.337300 1.367662 1
-0.124192 0.987794 1
-1.650940 1.778094 1
1.314870 1.678857 1
0.743779 -1.107703 1
-0.930700 0.039069 -1
1.877934 1.150961 1
-1.264903 0.089808 -1
-0.800236 0.469568 1
-0.355260 0.232963 -1
-1.054043 0.923968 1
-1.219779 -1.746392 1
0.821517 -0.028854 -1
-1.277807 -1.080304 1
0.089332 -0.650436 1
-0.815313 0.206552 -1
-0.148872 0.974743 1
1.700930 -0.350778 1
-1.136443 0.030473 -1
-1.995964 -1.484111 1
1.626425 -1.140657 1
0.720168 -0.828681 1
0.059807 -0.200137 -1
0.088276 -1.038872 1
-1.588326 -0.946946 1
1.987522 1.566330 1
-0.564125 0.344559 -1
0.500970 1.754698 1
-0.426534 0.472320 -1
-1.969350 -0.997124 1
0.181140 -1.589850 1
0.036441 0.185456 -1
-1.012884 -0.229418 -1
-1.818419 0.766025 1
1.366919 1.037758 1
-1.807000 -0.402315 1
-0.734718 0.269654 -1
1.133678 -1.177664 1
1.889600 1.774114 1
0.345856 0.051227 -1
1.112175 -0.895014 1
0.910790 -1.083442 1
0.603947 1.811714 1
0.658460 0.757683 1
1.755119 0.831491 1
0.140325 0.627688 1
-0.406240 1.115870 1
0.681831 0.321878 -1
-0.237862 0.012921 -1
-1.468504 1.514925 1
-0.243185 -0.428203 -1
0.190571 -1.029458 1
-0.419454 -0.873493 1
-0.406912 1.619084 1
1.005395 0.810701 1
0.089401 1.412223 1
-0.038268 -0.485265 -1
-1.645284 0.532087 1
-0.996593 -1.873773 1
-0.209764 1.680134 1
0.551844 -0.121012 -1
0.837781 0.079613 -1
1.970479 1.065248 1
1.728779 -0.655134 1
-1.631082 0.503940 1
1.814160 -0.692392 1
-1.348817 -0.755573 1
1.881820 0.584314 1
0.388027 -0.265233 -1
-1.039092 -1.588454 1
-1.718819 -1.055396 1
-0.799835 1.887131 1
1.254179 0.795590 1
-1.693161 0.637801 1
-0.582108 -0.695611 1
-1.471957 -1.920712 1
-1.367281 0.281890 1
-1.751412 -1.854660 1
0.807374 -0.941029 1
-1.654073 -1.237366 1
0.467149 -0.202802 -1
-1.304914 1.074621 1
0.605604 0.511745 1
-0.005214 -0.741199 1
-0.861957 -0.831827 1
1.322239 -1.687048 1
1.273440 -1.312225 1
1.752678 0.885121 1
-1.998696 -1.642206 1
0.561557 1.671249 1
-1.970577 -0.281292 1
-1.574316 -1.681109 1
-1.572822 0.288576 1
-0.531564 1.327089 1
-1.041569 -0.610529 1
-0.615439 1.119556 1
-1.001521 0.833357 1
-0.451743 0.363769 -1
-0.315847 -0.492025 1
0.560309 -0.424700 -1
1.150212 -0.286765 -1
-0.920022 -0.307898 -1
1.375929 -1.124303 1
0.961874 -0.012941 -1
1.304408 -1.840521 1
-1.271231 0.259266 -1
-1.738255 -1.803428 1
0.441401 1.489125 1
0.806211 1.440099 1
-1.553529 -0.646968 1
-1.616705 1.896122 1
0.391335 1.819100 1
1.248930 1.954484 1
1.258313 -1.369129 1
-1.642252 -1.988327 1
0.925115 -1.007280 1
1.615426 -0.614840 1
-0.191073 -1.066645 1
-1.717249 1.023565 1
-1.034887 -1.096289 1
0.927460 -0.206227 -1
-1.838034 -0.962222 1
-0.301909 -0.616822 1
0.160860 1.611820 1
1.815311 -1.949197 1
-1.164377 -1.471109 1
-1.534672 -0.447749 1
0.584880 1.362484 1
-1.566356 -1.146935 1
1.933988 1.740938 1
-1.006624 1.879202 1
0.425423 -0.498966 1
1.266781 1.939451 1
1.320217 -1.511657 1
-0.043843 1.043830 1
1.042913 0.317447 -1
1.660432 0.484626 1
1.603900 -0.040383 1
-1.143050 -1.118199 1
0.188244 -1.423463 1
1.138838 0.540703 1
-1.222236 1.209663 1
0.987557 0.678573 1
-0.097767 -0.113588 -1
0.333034 1.777912 1
-0.957808 0.365923 -1
-1.660710 -1.093009 1
-0.807469 0.735375 1
1.668517 -0.717429 1
-0.117927 0.995674 1
-0.922130 1.992573 1
1.051882 -0.921067 1
1.088688 1.727479 1
-1.914802 0.785548 1
1.519945 -1.618963 1
1.192681 -1.016511 1
-0.703339 1.738630 1
0.676178 -0.080863 -1
-0.814825 1.530111 1
1.719808 1.117189 1
-0.872158 -1.926864 1
-1.324480 1.083047 1
0.980666 0.743194 1
-0.091463 1.470668 1
0.613778 0.322039 -1
1.866304 0.504419 1
-0.747890 -1.555411 1
-1.694242 -1.145223 1
1.165661 -1.854521 1
-0.538464 -0.221820 -1
0.340398 -0.693676 1
-1.266653 -0.850823 1
-1.692324 -0.014192 1
-1.385349 -1.273179 1
1.307504 1.735167 1
-0.796173 1.760725 1
-0.464462 0.365852 -1
0.602996 -1.996766 1
1.269482 1.612026 1
1.065065 0.731572 1
-0.503298 -1.704596 1
-1.240550 1.985537 1
0.586007 -0.742172 1
-1.985579 1.236879 1
-0.868448 -0.154198 -1
0.554402 0.348566 -1
0.368298 -0.089618 -1
-0.698843 0.209815 -1
1.955805 -1.298734 1
-1.507057 0.348979 1
0.943508 -1.380794 1
-1.373532 -0.218190 1
-0.261410 0.150486 -1
1.328973 -0.152400 -1
-0.560362 1.336439 1
-1.695048 1.984689 1
0.227702 1.888977 1
-0.904279 0.983717 1
-1.471781 -1.200172 1
0.798619 -1.854683 1
-0.056380 -1.245584 1
-1.269135 0.310189 1
-1.595142 0.513089 1
-1.193663 -0.540901 1
-1.461016 0.546232 1
-0.704843 1.565174 1
1.802180 -0.985927 1
0.128522 -0.854563 1
-1.009257 -1.498323 1
-0.250895 0.114295 -1
0.676351 1.283065 1
0.190783 -0.800898 1
0.436218 1.150716 1
1.452539 -0.251950 1
-0.477216 0.202159 -1
0.995822 1.944458 1
-1.373213 0.759124 1
-1.767505 1.880547 1
-0.641172 -1.616137 1
1.268706 1.592369 1
-0.489809 -1.766228 1
1.890420 -1.506727 1
0.421274 0.522903 1
-0.647055 -0.519583 1
1.711935 -0.721711 1
1.593699 1.182777 1
1.402826 -0.793181 1
-0.972832 0.429847 1
-0.858018 -0.152111 -1
1.119788 -0.829629 1
0.805581 1.329676 1
-0.029953 0.282104 -1
1.870671 -1.717968 1
-0.095354 -0.934753 1
1.979622 -1.316501 1
-0.037686 0.241230 -1
0.013814 -1.191638 1
1.075092 -0.030525 -1
-0.447662 0.917470 1
-0.186963 1.819986 1
-1.468584 1.049473 1
1.034025 -1.679727 1
0.260948 1.752985 1
0.594546 1.897895 1
1.192232 0.428442 1
-1.118207 1.829980 1
1.431563 -0.677398 1
1.618916 1.604861 1
-0.831920 -1.998538 1
0.903479 -0.066880 -1
-0.642217 -1.410101 1
-0.909275 -0.740032 1
-1.318902 -1.314498 1
0.656073 0.371628 -1
0.143407 0.630432 1
1.316438 -0.604149 1
-0.930552 -1.785226 1
-1.295377 -1.811328 1
-0.275255 -1.776569 1
-0.097380 -1.713952 1
1.140884 -1.937298 1
-1.477394 1.894716 1
-1.794577 0.939187 1
0.510026 1.009542 1
-1.883650 -1.866746 1
-1.455222 -1.529576 1
0.778222 -0.954787 1
0.062716 1.573432 1
0.170330 1.888245 1
1.233934 1.976296 1
1.174744 -0.612855 1
0.007468 -0.830791 1
-0.893472 -1.251010 1
-1.521340 0.972593 1
1.546391 0.872075 1
1.881156 -1.244421 1
1.770105 -0.264249 1
0.552513 -1.817627 1
-1.637639 0.621894 1
-1.701168 1.124169 1
-1.270196 1.451602 1
-1.873249 1.141411 1
0.899745 -0.266031 -1
-1.423365 -0.608715 1
0.543707 -1.778446 1
1.159390 1.277766 1
0.265013 -1.575839 1
-0.490344 -1.975704 1
1.286344 -0.899831 1
-0.780477 1.771085 1
-0.722508 0.697037 1
1.139920 -0.457366 1
0.014946 1.427785 1
-0.956013 0.699300 1
0.929902 0.432388 1
-1.348200 -0.242297 1
1.684301 1.845141 1
-1.111106 1.291626 1
-1.665565 -1.958002 1
-1.705194 -1.433533 1
1.078207 -0.068761 -1
1.270708 0.322474 1
0.961702 -0.828044 1
1.032995 -0.244532 -1
1.844780 -0.406939 1
-0.134300 -1.450778 1
1.147986 1.811047 1
-0.309728 -0.559821 1
1.774920 1.347910 1
-1.994742 -1.834657 1
1.925072 -0.304678 1
0.280777 -1.697448 1
-0.614118 -0.744740 1
0.230012 1.783931 1
-0.800861 1.418014 1
-1.363709 -1.305876 1
0.661025 0.143534 -1
0.736811 -0.820443 1
1.169637 1.611489 1
-0.605502 -1.674450 1
-0.999701 1.149900 1
-0.619986 -1.302366 1
-0.685470 0.879952 1
1.709942 -1.071973 1
1.024290 -1.171450 1
-0.847045 -1.135472 1
0.424720 1.906682 1
1.064117 -0.472604 1
1.384609 0.541156 1
1.607925 -1.813744 1
0.382829 -1.071726 1
-1.725855 1.499362 1
-1.127827 -0.159430 -1
1.477634 -1.987746 1
-0.343129 -0.140235 -1
0.644837 1.296288 1
1.133939 1.487542 1
-1.008456 -0.795702 1
0.217701 -1.055979 1
-1.081658 1.326313 1
-1.972349 -0.248990 1
1.066558 0.028349 -1
-1.912667 -1.258102 1
-0.427586 -1.394006 1
-0.989839 1.627223 1
-1.183132 1.971000 1
0.649118 -0.439674 -1
1.658968 1.307242 1
-1.972390 1.816231 1
0.985693 1.575368 1
1.198683 1.364025 1
1.631196 0.733137 1
1.898296 -1.312815 1
-1.520546 -1.049795 1
0.075879 -0.262859 -1
1.287899 -1.899751 1
0.548091 -0.925414 1
1.815642 1.920637 1
1.787705 -0.749230 1
1.866421 0.287007 1
-1.730623 0.446653 1
-0.249861 1.606152 1
-0.716640 -0.415840 -1
-1.463792 0.771067 1
-1.461659 -1.182057 1
1.223791 -1.748589 1
0.099057 0.489544 -1
1.777028 0.752078 1
1.953360 -0.812859 1
-0.360423 0.286247 -1
-0.515248 -0.735110 1
-1.092584 1.237992 1
-0.215876 -0.538010 1
-0.935114 0.795160 1
-0.163614 0.533704 1
-0.268379 1.858316 1
-0.961506 -1.196813 1
-1.465142 0.392711 1
-0.323086 -1.665186 1
0.027442 0.177659 -1
-0.702702 1.384597 1
0.738755 -1.837207 1
-0.227626 -0.682558 1
-0.257348 0.837399 1
1.172094 1.441244 1
1.262225 0.003594 -1
1.008451 1.979038 1
1.157024 -0.285439 -1
0.005070 -0.930619 1
0.220728 -0.108192 -1
0.522999 -1.356619 1
-1.608043 -1.364409 1
-1.017295 -0.926632 1
0.462901 1.028480 1
-0.780160 0.436696 1
1.067870 1.867732 1
-0.931084 1.093283 1
-1.841975 0.291458 1
-0.813753 -0.199106 -1
0.225460 -0.851772 1
1.876298 1.009546 1
0.756499 -1.622567 1
0.871526 -1.572857 1
0.236116 0.939575 1
0.133417 -0.581632 1
1.502896 0.322534 1
-0.427606 -0.804578 1
-0.167732 0.854724 1
-1.167019 -0.558055 1
1.029093 0.873838 1
0.186768 1.981295 1
-0.570447 -1.665200 1
0.803991 -0.127176 -1
-1.563110 -1.624788 1
-1.973557 0.900682 1
0.389208 1.648182 1
0.636704 -1.654342 1
0.320026 0.079804 -1
1.639806 0.210524 1
0.544025 0.740596 1
0.102245 -0.801381 1
-0.961508 0.407511 1
-1.795317 -1.205984 1
0.927801 0.627030 1
-1.342834 0.793428 1
-0.878412 -0.161278 -1
-0.962290 -1.369363 1
0.188384 -0.312857 -1
0.165074 0.384217 -1
1.152453 -0.710674 1
1.478422 1.322915 1
1.150162 -1.509260 1
1.877711 -0.995277 1
-1.278128 1.750430 1
1.722396 0.620833 1
-1.819392 1.011643 1
-1.037416 1.243434 1
-1.964580 -1.806293 1
0.686374 -0.341163 -1
1.619253 0.901956 1
0.289665 -1.443824 1
-1.378155 0.530229 1
0.009470 -1.012666 1
0.270932 1.359889 1
-1.246913 1.346683 1
-0.703214 -0.187710 -1
0.864149 -0.420965 1
0.211715 1.846381 1
-1.430873 -1.967287 1
-0.478546 -0.406245 -1
-0.413723 -0.048911 -1
0.306967 0.472547 -1
-1.922394 -1.719960 1
0.310320 -1.429248 1
1.728784 0.616907 1
-1.572509 -1.126722 1
0.928599 -1.523472 1
1.882091 -1.827452 1
0.435542 -1.337767 1
0.878662 0.044424 -1
-0.788991 1.469072 1
-0.163910 1.065043 1
-1.807886 -1.460196 1
-0.458592 -1.740317 1
-0.553134 0.689780 1
-0.849664 -0.071172 -1
1.266851 -0.018328 -1
-0.197888 -0.746065 1
1.226530 -0.705996 1
1.160692 1.636405 1
-0.868169 -0.198654 -1
-1.726763 0.994543 1
-1.780277 -1.258987 1
0.550091 -1.660312 1
-0.302858 -1.171883 1
1.622125 0.235663 1
-0.330716 0.646802 1
-1.383767 1.756853 1
0.159997 -1.839019 1
1.748365 -1.345366 1
0.643820 -0.247507 -1
-0.421370 -0.697330 1
-0.964038 -1.640271 1
1.391649 1.241279 1
1.780224 -0.401764 1
-0.492001 0.621257 1
-1.730879 0.267374 1
-1.273673 -1.987513 1
0.302990 0.605406 1
-1.256460 -0.731611 1
-0.834207 -0.936265 1
-0.153344 -0.158207 -1
-0.612090 0.492644 1
-0.727337 1.207414 1
-0.160342 0.244656 -1
-1.056420 -1.900784 1
-1.888992 1.174162 1
0.633814 -0.907645 1
-1.364786 1.291645 1
1.210650 0.754219 1
-0.365681 0.415610 -1
-0.690432 -0.452200 1
0.984059 -1.737859 1
0.985408 1.994374 1
-1.304180 0.644176 1
-1.529821 -1.083311 1
-1.303850 -1.630982 1
0.509637 -1.036085 1
1.367561 1.610279 1
0.040331 -1.130608 1
-1.336945 -0.081909 -1
0.857221 1.636913 1
1.628149 -1.224870 1
-1.125849 -0.208050 -1
1.483846 0.471200 1
-1.152656 0.376852 1
1.346660 0.663509 1
1.437207 -0.929279 1
0.093510 -0.304531 -1
-0.090549 1.197295 1
1.559533 1.729251 1
-1.739695 -0.121124 1
0.037825 -0.774786 1
0.483192 -0.242513 -1
0.934270 -0.772560 1
-1.080015 -0.899948 1
-1.912512 -1.445010 1
-1.444044 -1.333810 1
1.078030 -0.024210 -1
1.879061 -1.653666 1
-0.452822 1.707356 1
1.973711 -1.406095 1
-0.694426 -1.358083 1
-1.451356 0.870894 1
-0.460985 0.699578 1
0.250543 -0.565922 1
0.535342 -1.638168 1
0.166426 -1.967008 1
-0.740026 -0.508884 1
-1.362693 1.153229 1
-1.389535 -0.210856 1
-1.452197 -1.601501 1
0.839212 1.223325 1
-0.140542 0.637820 1
-1.546915 -0.190544 1
0.803515 0.133449 -1
-1.280055 0.106659 -1
1.214672 0.518724 1
0.055824 0.586258 1
0.193753 -1.232677 1
-1.168621 1.206928 1
1.138355 -1.213716 1
0.105959 -0.354825 -1
0.284093 -1.057227 1
-0.311837 -0.911178 1
0.884625 -1.965326 1
-1.707447 1.713123 1
0.379448 0.080878 -1
1.447909 -0.143498 1
-0.204796 0.094119 -1
0.610310 -0.652752 1
-0.786108 -0.670484 1
0.429760 1.953152 1
-0.884391 -0.105132 -1
1.198249 0.987444 1
1.184676 0.679835 1
1.816348 1.182368 1
-0.222647 -0.909826 1
-0.172469 -0.864339 1
0.399269 0.869023 1
1.370487 -1.261452 1
-1.875198 1.334813 1
-1.250919 -1.321340 1
1.774378 1.813063 1
1.791689 0.890192 1
-0.188062 -1.463006 1
1.243330 1.412370 1
1.715517 1.726771 1
0.690869 0.256739 -1
-0.510671 -0.404707 -1
-0.377217 -0.233590 -1
-0.244704 0.806723 1
0.714597 -0.959828 1
-0.139719 -1.885882 1
1.813057 1.791861 1
-0.581208 1.984676 1
-0.643917 1.117933 1
1.583440 1.957606 1
0.181737 -0.049788 -1
0.997135 -1.488069 1
-1.500491 -0.142531 1
-0.187061 0.970362 1
-1.701002 0.693566 1
0.653362 1.495918 1
0.814607 1.033002 1
1.675802 0.468701 1
0.640288 -0.900731 1
0.760420 -0.654487 1
1.414894 1.342894 1
-0.128393 -0.456454 -1
-0.166085 -1.678614 1
1.224417 1.462337 1
1.299069 -0.258504 1
-1.238256 -1.311677 1
-1.897307 -1.982814 1
-1.772740 0.609987 1
-1.428258 -0.521241 1
-1.314325 -0.495603 1
0.503379 -0.234630 -1
-1.881939 0.064495 1
-0.110671 -0.799542 1
0.713771 -0.086713 -1
-1.540844 -1.975012 1
-1.055744 -1.314256 1
-0.843678 -0.785770 1
-1.308975 0.977858 1
-0.705176 0.323573 -1
1.204440 0.804829 1
-0.801465 1.218658 1
1.102503 1.407941 1
0.211083 -1.529116 1
0.218767 0.629055 1
0.922589 1.011806 1
1.094499 0.808515 1
1.603388 0.420474 1
-1.447331 -1.846933 1
1.176307 -1.219400 1
-1.242347 -0.677273 1
-1.884102 0.571334 1
-1.490451 -1.130384 1
-1.465057 -1.692361 1
-1.486756 1.922357 1
1.741039 -1.172964 1
-0.907080 1.933013 1
1.770717 0.441484 1
0.552602 -1.008086 1
1.490123 0.071832 1
-0.531707 0.851324 1
-1.055192 -0.960524 1
-1.250727 -1.541256 1
0.182597 0.198678 -1
-0.979534 -1.124393 1
-0.776706 -0.751298 1
-1.937806 1.892532 1
0.349952 -0.763238 1
1.850233 1.784990 1
1.399391 -0.357753 1
-1.968239 -1.958666 1
0.536102 -0.759724 1
-0.562835 -1.379173 1
-1.543762 1.976330 1
0.163272 -0.199043 -1
-0.334314 0.180873 -1
0.068394 -0.950673 1
1.544492 1.530165 1
-1.402416 -1.587756 1
-0.261294 1.294251 1
-1.763845 -0.291297 1
-0.475880 1.681379 1
0.889478 0.112049 -1
-1.619523 1.483339 1
0.668762 -0.588757 1
-0.814398 -0.399390 -1
0.394251 0.391692 -1
-1.392592 1.646072 1
-0.254492 -1.468052 1
-1.949271 -1.831330 1
-1.083908 -0.395844 1
-0.945281 0.382831 -1
0.045541 1.678717 1
-1.139660 -0.824897 1
-0.615561 0.180157 -1
0.991268 1.126727 1
-0.345522 -0.690402 1
-1.776990 -1.618949 1
-0.439887 -0.233270 -1
-0.102064 -1.883693 1
1.301283 0.701562 1
-0.785426 -1.553639 1
1.287161 -1.201439 1
0.262719 0.120646 -1
-1.782474 0.509427 1
-0.959943 -0.505613 1
0.356414 0.425815 -1
-0.081066 1.385555 1
-1.205398 0.807783 1
-1.043949 -0.428504 1
1.120774 0.287475 -1
0.469240 -1.000905 1
-1.423485 0.909387 1
0.864528 -0.626683 1
-0.393974 -1.685461 1
-0.150459 -0.791076 1
0.829128 -0.798390 1
-0.395158 -1.907115 1
-1.942458 -1.295543 1
-1.701438 1.443675 1
0.364273 0.623793 1
-0.215994 1.426150 1
1.706482 -0.916238 1
-1.620427 1.583791 1
-0.498325 -1.164838 1
0.183995 1.856673 1
-1.553287 -0.342560 1
1.617853 -1.081739 1
0.533108 1.273481 1
1.621647 -0.558226 1
0.522212 0.006096 -1
-1.943087 0.990696 1
-0.734089 1.327400 1
-1.552517 -0.422116 1
0.517853 -1.613455 1
-1.757162 -0.938434 1
0.695980 1.167780 1
-0.090244 1.747443 1
-0.777817 0.273034 -1
0.065332 1.752086 1
0.828113 0.388994 -1
1.254444 1.951808 1
-0.736767 1.049394 1
-0.754791 -1.257537 1
-0.620093 0.067080 -1
0.665220 0.560608 1
1.444287 1.475804 1
1.047117 0.400473 1
1.503350 1.998678 1
1.484942 -1.483295 1
-1.308838 -0.826517 1
1.400896 -0.092483 -1
1.838354 -1.481670 1
1.080828 -1.087506 1
1.500061 -1.275712 1
-1.730346 0.688062 1
0.587169 -0.696861 1
-0.703614 1.162350 1
0.561388 0.184056 -1
1.519004 -1.077774 1
-0.505449 0.747050 1
1.066950 -1.803670 1
-1.327653 0.290394 1
0.078899 1.975049 1
0.509822 -0.548124 1
0.855655 0.234883 -1
-0.774416 1.709121 1
-0.945252 -0.960494 1
1.664014 1.329900 1
0.460137 -1.299496 1
-1.627300 1.519369 1
0.510789 -0.881469 1
-1.231888 1.397904 1
1.107859 1.226864 1
1.458002 -1.243499 1
-0.665674 1.914236 1
-1.458344 -0.985089 1
1.061869 1.114185 1
-0.725545 1.243138 1
-0.990482 -0.008188 -1
-1.199702 1.662893 1
-1.723961 -1.596066 1
0.207643 -1.456702 1
-0.384754 1.433267 1
1.000463 -1.925414 1
-0.051266 0.913312 1
-0.460856 1.266631 1
-1.754366 -1.535118 1
-1.145234 -0.045774 -1
0.175493 -0.610206 1
-0.357422 1.095564 1
1.603853 -0.858853 1
-1.774842 1.297587 1
-0.225963 -1.307756 1
0.151250 1.454574 1
-1.463758 1.704219 1
0.163789 -1.235585 1
1.429473 -1.798590 1
-1.207931 0.193798 -1
-1.377564 -1.961928 1
-1.754489 1.313455 1
0.644296 1.634178 1
-1.925589 0.821187 1
-0.835588 -1.026679 1
1.895295 0.356926 1
1.058562 1.755600 1
-1.025264 1.582008 1
0.728464 0.424905 -1
-1.448582 1.169513 1
0.519247 1.344670 1
1.428059 0.240564 1
1.599193 -1.997220 1
-0.606526 -0.994899 1
-0.054759 -0.272206 -1
0.718070 -0.277389 -1
0.816488 1.500932 1
-0.156464 -1.729436 1
-0.542911 -0.640373 1
-0.878939 -1.291752 1
-1.695182 -1.015859 1
-0.221500 0.911278 1
-1.337175 -0.847180 1
-0.405004 -1.050633 1
1.682339 -1.441364 1
0.045338 -1.117079 1
1.656569 1.270187 1
-1.632264 -0.487084 1
1.972149 0.662061 1
-1.614266 1.743253 1
-0.747410 -0.294076 -1
1.141500 0.420640 1
0.409601 1.878338 1
-0.136367 -0.541396 1
-0.807475 0.657790 1
-1.467309 -0.740980 1
-0.819964 1.542863 1
-1.333492 -0.817821 1
-0.731584 -0.818536 1
-1.560641 1.628328 1
1.328352 -0.028462 -1
1.886371 -1.171441 1
-1.126915 -1.896723 1
0.824311 -1.319164 1
-1.843945 -0.790638 1
0.465180 1.845758 1
0.677457 1.134630 1
-1.851194 0.693026 1
-1.986662 1.362889 1
-1.430143 -0.316583 1
1.449622 0.814949 1
-0.895850 -0.074854 -1
0.126766 1.282304 1
0.088885 -0.250439 -1
0.270471 1.439895 1
-0.667870 -1.964411 1
-0.346334 1.984124 1
-0.342607 -0.899196 1
1.935687 -1.865934 1
-1.769043 -1.391600 1
-0.413828 -0.081615 -1
1.165282 1.555369 1
0.376742 -0.866324 1
-0.761748 1.136508 1
1.607212 -1.318430 1
-1.627492 0.925174 1
-0.723891 -1.013513 1
1.547846 -1.672636 1
0.629727 1.411635 1
0.738068 0.746209 1
-0.104206 1.832442 1
-1.435023 1.940222 1
1.803700 0.138890 1
1.530504 1.623922 1
-0.250246 -0.093406 -1
1.339827 1.558685 1
-0.699426 -1.904601 1
-0.529443 -1.485101 1
1.179358 0.962561 1
-1.602765 -0.435919 1
1.807126 -0.425486 1
-1.994104 0.407393 1
-0.818417 -1.904458 1
-1.806182 -0.449316 1
-0.229038 -1.773015 1
1.159385 0.758282 1
1.654082 0.081564 1
0.133017 -1.695654 1
1.216306 -0.374961 1
0.250641 -0.279149 -1
1.003506 0.637249 1
-1.963079 -1.126435 1
-0.092861 -1.675645 1
-0.998682 -0.129313 -1
-0.768327 0.914687 1
1.867796 0.455935 1
-1.164783 1.602391 1
0.081905 -0.988883 1
-1.097815 -1.119619 1
0.268791 -1.056780 1
1.992654 1.240518 1
-1.472539 0.809636 1
1.818706 1.514019 1
-1.504490 0.844045 1
-1.255047 0.644321 1
0.586011 -0.241690 -1
-1.487324 0.251174 1
-1.674718 1.961245 1
0.636908 1.829262 1
-1.890405 -0.652727 1
1.940719 -1.378177 1
0.157324 -0.331684 -1
-0.504660 0.217908 -1
0.826940 -1.880992 1
1.789645 1.466825 1
-0.470891 1.577657 1
0.771634 -0.011238 -1
0.408285 -1.162852 1
1.101031 0.886389 1
0.367337 0.798864 1
-0.495281 -0.157011 -1
1.402597 -1.317628 1
-1.097059 1.177486 1
1.187833 1.553999 1
1.987524 -1.429942 1
-0.874757 1.758686 1
0.841524 -1.998957 1
0.658568 -0.244780 -1
-0.340658 -1.955329 1
-0.006920 -1.061938 1
1.796492 0.827937 1
1.812727 0.776657 1
0.931693 -0.939517 1
-0.461280 -0.693706 1
-1.839669 -1.627064 1
0.331734 -1.833603 1
0.258851 1.037121 1
-0.579270 -0.700502 1
1.520803 0.087287 1
0.498121 1.807552 1
0.496062 0.675914 1
-0.817034 -0.107514 -1
-1.701280 0.597489 1
-0.825176 0.662544 1
-1.061041 -1.079410 1
-0.616410 1.219559 1
1.393961 0.011140 -1
-1.358542 -0.263881 1
-1.368542 0.836134 1
0.034637 0.221056 -1
0.413204 -0.979985 1
-1.354412 -1.699198 1
0.541817 0.356410 -1
1.375762 0.696968 1
1.129077 0.352054 1
-0.941735 0.134809 -1
-0.741204 -0.109535 -1
-1.267218 -0.704755 1
-0.210107 -0.276056 -1
-0.693286 1.059591 1
-0.880735 1.985851 1
1.727056 -0.939927 1
-0.401230 1.168268 1
-0.482307 -1.461563 1
0.371386 -1.857855 1
-1.725973 -0.184214 1
-1.179049 0.251908 -1
0.894473 -1.076469 1
0.300590 -1.420950 1
-1.199070 0.708383 1
1.373921 -0.583718 1
-0.305080 0.041889 -1
0.179004 0.778827 1
0.111870 0.381172 -1
-1.259569 0.024443 -1
-1.673241 1.105597 1
-0.143626 0.740811 1
-1.877781 -0.722025 1
-0.260063 1.328572 1
0.231460 0.643286 1
0.555129 0.348273 -1
-1.863130 -1.923686 1
0.839602 1.347800 1
-1.322704 -1.544009 1
0.373530 1.361682 1
0.432260 -0.650013 1
1.089438 -0.282257 -1
-1.774906 1.175115 1
1.418901 -1.433730 1
-0.462863 0.432407 -1
-0.401524 1.722515 1
-0.698330 0.545775 1
0.221560 -1.808917 1
-0.818320 0.793385 1
-0.535520 -0.971562 1
-0.603807 0.763606 1
0.520896 -0.547281 1
0.657768 0.167537 -1
1.968385 -1.111432 1
1.777445 1.621949 1
-0.598609 -0.505835 1
-1.228008 -1.684734 1
1.678305 -1.876280 1
-0.845232 0.507603 1
0.203438 1.747987 1
1.677297 -0.720259 1
-1.639806 0.980699 1
-0.969215 -0.844286 1
-0.291808 -1.502584 1
0.310893 0.056324 -1
1.598086 -0.449953 1
-1.127098 1.914439 1
1.868128 -0.832729 1
-0.264074 0.369370 -1
1.139290 0.285426 -1
0.100935 0.463424 -1
-0.674893 0.243657 -1
-0.273625 -0.880562 1
0.871606 -1.392601 1
1.664848 0.932050 1
1.560112 -1.841206 1
-1.461176 1.206489 1
-1.520349 -0.374332 1
1.573810 1.320046 1
0.612342 1.884142 1
-1.838888 -0.310068 1
0.018864 -1.784381 1
1.577814 1.148147 1
-0.457086 0.520308 1
-0.831792 0.035278 -1
-1.063854 0.270745 -1
-1.196207 -0.763237 1
-0.478776 0.988544 1
0.379161 -0.653357 1
-0.926456 1.533418 1
0.489771 -0.665376 1
1.218269 1.184058 1
-1.584115 1.219135 1
0.916961 -1.799045 1
0.594361 -0.389979 -1
-0.101382 1.860767 1
1.731648 -0.342496 1
-1.614225 -0.677906 1
0.396428 0.545489 1
-1.065741 1.432101 1
-1.870687 1.153136 1
0.319437 0.153639 -1
1.368793 0.966682 1
0.227588 0.958882 1
1.359532 -0.220822 1
-1.180191 1.401639 1
0.485020 -0.021861 -1
-1.303916 1.792630 1
-0.841841 1.191153 1
-1.925988 -1.467822 1
0.805986 -1.048921 1
1.808365 -1.489106 1
0.996037 0.136482 -1
1.026910 -1.773213 1
0.168356 -0.125700 -1
-0.871749 1.930751 1
-1.020501 0.728885 1
-0.854727 1.483603 1
1.852538 -0.015158 1
-1.077219 -0.849351 1
0.149286 -1.267923 1
-1.179967 1.844876 1
-0.263835 1.025046 1
-1.431152 1.801414 1
-0.497665 0.685067 1
1.174243 -1.255782 1
1.251263 -0.840632 1
1.615164 -1.767169 1
0.161503 -1.823735 1
1.271453 -0.881765 1
0.833667 -1.318122 1
-1.827165 0.708402 1
-1.416216 1.609672 1
-1.066657 -0.592051 1
-1.013196 -1.599366 1
-1.318869 1.172009 1
-1.059773 -0.126270 -1
-0.898156 0.749365 1
1.806427 0.732314 1
-0.613316 -0.314256 -1
-0.810712 0.637370 1
-0.382295 0.533709 1
-0.791050 0.100584 -1
1.029244 -1.234874 1
-0.561024 0.047624 -1
-1.500402 0.993321 1
0.468730 -0.320692 -1
-0.577922 0.949918 1
-0.548247 0.745871 1
-1.726047 1.822904 1
1.468647 -0.768374 1
-0.168415 -0.630797 1
-1.689538 -0.451866 1
1.619685 -1.895296 1
-0.873216 0.534186 1
0.455511 0.261004 -1
0.647432 -0.537954 1
-1.199902 -0.314165 1
1.839945 -0.151199 1
0.660424 -0.742245 1
0.165199 -1.097353 1
1.475875 -1.536252 1
0.228190 -1.464136 1
-1.914408 1.786094 1
-0.069278 -0.030268 -1
1.231942 0.992855 1
0.944037 -0.756259 1
0.289218 -1.969179 1
-1.964061 0.462487 1
0.873122 -0.569707 1
-0.202294 0.595316 1
0.638467 1.383909 1
1.012833 -1.594587 1
1.218956 0.353207 1
-1.883378 0.329529 1
1.119269 0.087215 -1
0.269402 -0.181601 -1
-1.695533 1.866808 1
-0.993513 -1.270772 1
-1.466182 0.237569 1
0.257896 0.505898 1
0.163925 -1.879480 1
-1.724314 0.569092 1
1.953723 1.352645 1
-0.995618 -0.419456 1
-0.738108 -0.250631 -1
-0.797372 -1.660469 1
-1.831844 0.325510 1
0.111605 1.486728 1
-0.975911 -1.172372 1
-0.365160 -1.621560 1
1.790051 -1.248191 1
1.677124 0.671346 1
-1.515025 0.929684 1
0.367779 0.524042 1
-0.561391 -0.127175 -1
0.877228 -0.742551 1
0.094204 0.565867 1
-0.956627 0.248108 -1
-0.027683 0.654907 1
1.423344 -1.500492 1
0.897625 0.696109 1
-1.203559 0.721245 1
-1.370857 1.720481 1
-0.518098 1.315279 1
1.449088 -1.287599 1
0.739051 1.796963 1
0.536792 -1.201509 1
-1.434707 -1.129277 1
-1.682791 -1.965912 1
1.504581 -0.797494 1
-0.318285 -0.902117 1
-0.049346 0.345794 -1
-0.158698 -0.413789 -1
0.062709 -1.254389 1
-0.912022 -0.428734 1
-1.073681 -1.381625 1
1.598136 1.329218 1
1.634789 -1.400992 1
0.414571 0.718184 1
-0.539054 1.000360 1
0.394362 -1.940440 1
0.673949 -1.431014 1
1.578256 -1.877378 1
-1.650658 1.234782 1
0.156041 -1.811416 1
-0.286200 0.664726 1
0.468614 -0.175870 -1
0.235504 1.211986 1
-1.096597 -0.566244 1
-1.581922 -1.898664 1
-1.960089 -1.125647 1
-1.763387 0.843660 1
-0.709391 0.195683 -1
1.117906 1.478772 1
-0.658086 0.955343 1
0.478274 -1.587079 1
1.971543 1.885733 1
0.592023 0.954850 1
0.159103 -1.944570 1
